28
agra3_human.pdb 1.0000 0.5419 0.4484 0.2923 0.4549 0.6721 0.3965 0.6969 0.3296 0.4030 0.4030 0.5235 0.7137 0.4165 0.3447 0.7034 0.2388 0.2723 0.3301 0.4808 0.6818 0.6948 0.4317 0.6969 0.3603 0.3263 0.2950 0.4689
agrg6_human.pdb 0.5419 1.0000 0.3976 0.2928 0.4333 0.6229 0.3025 0.6089 0.3652 0.3825 0.3814 0.5143 0.6451 0.4100 0.2944 0.5435 0.1880 0.2750 0.2842 0.4284 0.6213 0.6126 0.4009 0.6180 0.3004 0.3166 0.2550 0.4619
agrd1_human.pdb 0.4484 0.3976 1.0000 0.2485 0.3128 0.4311 0.2966 0.4506 0.2707 0.3069 0.3079 0.3447 0.4722 0.3155 0.2798 0.4554 0.1729 0.2377 0.2523 0.3079 0.4581 0.4608 0.3009 0.4603 0.3722 0.2766 0.2555 0.3998
agrg3_human.pdb 0.2923 0.2928 0.2485 1.0000 0.2609 0.2631 0.2658 0.2777 0.2507 0.2464 0.2442 0.2696 0.2966 0.2431 0.1750 0.2934 0.1788 0.2431 0.2431 0.2539 0.2863 0.2912 0.2491 0.2896 0.2231 0.1740 0.2458 0.2134
agrd2_human.pdb 0.4549 0.4333 0.3128 0.2609 1.0000 0.4835 0.3458 0.4943 0.3031 0.4068 0.4127 0.5203 0.5192 0.4241 0.2728 0.4587 0.2258 0.2501 0.3398 0.5073 0.5046 0.4959 0.4824 0.4992 0.2366 0.2626 0.2890 0.4036
agrb1_human.pdb 0.6721 0.6229 0.4311 0.2631 0.4835 1.0000 0.3938 0.7596 0.3382 0.4144 0.4079 0.6251 0.7925 0.4441 0.3717 0.6823 0.2199 0.2485 0.3155 0.5127 0.7407 0.7472 0.4554 0.7569 0.3528 0.3787 0.2658 0.5700
agrg7_human.pdb 0.3965 0.3025 0.2966 0.2658 0.3458 0.3938 1.0000 0.3895 0.2707 0.2998 0.2977 0.4306 0.4122 0.2955 0.2345 0.3982 0.2426 0.2539 0.2971 0.3717 0.3836 0.4009 0.3382 0.4003 0.2685 0.2183 0.2934 0.2766
agrb3_human.pdb 0.6969 0.6089 0.4506 0.2777 0.4943 0.7596 0.3895 1.0000 0.3549 0.4306 0.4241 0.5997 0.8152 0.4581 0.3555 0.7023 0.2366 0.2685 0.3371 0.5257 0.7563 0.7623 0.4684 0.7688 0.3571 0.3555 0.2820 0.5170
agrg1_human.pdb 0.3296 0.3652 0.2707 0.2507 0.3031 0.3382 0.2707 0.3549 1.0000 0.3004 0.3015 0.3598 0.3744 0.3160 0.2231 0.3279 0.1686 0.2771 0.2491 0.3079 0.3630 0.3690 0.2907 0.3674 0.2118 0.2480 0.2410 0.2539
agre5_human.pdb 0.4030 0.3825 0.3069 0.2464 0.4068 0.4144 0.2998 0.4306 0.3004 1.0000 0.4106 0.4311 0.4511 0.4403 0.2334 0.4063 0.1977 0.2474 0.3160 0.4111 0.4360 0.4365 0.4052 0.4371 0.2334 0.2469 0.3025 0.3279
agre2_human.pdb 0.4030 0.3814 0.3079 0.2442 0.4127 0.4079 0.2977 0.4241 0.3015 0.4106 1.0000 0.4295 0.4446 0.4376 0.2550 0.4090 0.1972 0.2453 0.3063 0.4149 0.4317 0.4263 0.3987 0.4268 0.2280 0.2528 0.2982 0.3414
agrf5_human.pdb 0.5235 0.5143 0.3447 0.2696 0.5203 0.6251 0.4306 0.5997 0.3598 0.4311 0.4295 1.0000 0.6359 0.4565 0.3096 0.5273 0.2469 0.2723 0.3522 0.5494 0.5921 0.5986 0.4916 0.6040 0.2685 0.3209 0.2955 0.4408
agrb2_human.pdb 0.7137 0.6451 0.4722 0.2966 0.5192 0.7925 0.4122 0.8152 0.3744 0.4511 0.4446 0.6359 1.0000 0.4787 0.3587 0.7229 0.2453 0.2853 0.3522 0.5484 0.7807 0.7882 0.4905 0.7952 0.3728 0.3657 0.3025 0.5386
agre1_human.pdb 0.4165 0.4100 0.3155 0.2431 0.4241 0.4441 0.2955 0.4581 0.3160 0.4403 0.4376 0.4565 0.4787 1.0000 0.2566 0.4230 0.1972 0.2442 0.3128 0.4252 0.4635 0.4581 0.4100 0.4598 0.2355 0.2712 0.2993 0.3609
agrf4_human.pdb 0.3447 0.2944 0.2798 0.1750 0.2728 0.3717 0.2345 0.3555 0.2231 0.2334 0.2550 0.3096 0.3587 0.2566 1.0000 0.3485 0.1232 0.1696 0.1885 0.2798 0.3479 0.3463 0.2539 0.3458 0.2323 0.3506 0.1864 0.3306
agra2_human.pdb 0.7034 0.5435 0.4554 0.2934 0.4587 0.6823 0.3982 0.7023 0.3279 0.4063 0.4090 0.5273 0.7229 0.4230 0.3485 1.0000 0.2410 0.2750 0.3360 0.4841 0.6829 0.6969 0.4354 0.7002 0.3657 0.3274 0.2998 0.4743
agre4_human.pdb 0.2388 0.1880 0.1729 0.1788 0.2258 0.2199 0.2426 0.2366 0.1686 0.1977 0.1972 0.2469 0.2453 0.1972 0.1232 0.2410 1.0000 0.1610 0.1934 0.2318 0.2350 0.2382 0.2242 0.2382 0.1524 0.1221 0.1945 0.1513
agrg5_human.pdb 0.2723 0.2750 0.2377 0.2431 0.2501 0.2485 0.2539 0.2685 0.2771 0.2474 0.2453 0.2723 0.2853 0.2442 0.1696 0.2750 0.1610 1.0000 0.2404 0.2534 0.2766 0.2804 0.2480 0.2788 0.2037 0.1686 0.2339 0.1967
agre3_human.pdb 0.3301 0.2842 0.2523 0.2431 0.3398 0.3155 0.2971 0.3371 0.2491 0.3160 0.3063 0.3522 0.3522 0.3128 0.1885 0.3360 0.1934 0.2404 1.0000 0.3517 0.3409 0.3458 0.3371 0.3458 0.2177 0.1745 0.2701 0.2545
agrg2_human.pdb 0.4808 0.4284 0.3079 0.2539 0.5073 0.5127 0.3717 0.5257 0.3079 0.4111 0.4149 0.5494 0.5484 0.4252 0.2798 0.4841 0.2318 0.2534 0.3517 1.0000 0.5186 0.5246 0.4911 0.5284 0.2345 0.2626 0.2923 0.3949
agrl3_human.pdb 0.6818 0.6213 0.4581 0.2863 0.5046 0.7407 0.3836 0.7563 0.3630 0.4360 0.4317 0.5921 0.7807 0.4635 0.3479 0.6829 0.2350 0.2766 0.3409 0.5186 1.0000 0.7645 0.4797 0.7666 0.3587 0.3485 0.2896 0.5213
agrl2_human.pdb 0.6948 0.6126 0.4608 0.2912 0.4959 0.7472 0.4009 0.7623 0.3690 0.4365 0.4263 0.5986 0.7882 0.4581 0.3463 0.6969 0.2382 0.2804 0.3458 0.5246 0.7645 1.0000 0.4716 0.7834 0.3652 0.3479 0.2944 0.5176
agrf1_human.pdb 0.4317 0.4009 0.3009 0.2491 0.4824 0.4554 0.3382 0.4684 0.2907 0.4052 0.3987 0.4916 0.4905 0.4100 0.2539 0.4354 0.2242 0.2480 0.3371 0.4911 0.4797 0.4716 1.0000 0.4754 0.2296 0.2437 0.2885 0.3712
agrl1_human.pdb 0.6969 0.6180 0.4603 0.2896 0.4992 0.7569 0.4003 0.7688 0.3674 0.4371 0.4268 0.6040 0.7952 0.4598 0.3458 0.7002 0.2382 0.2788 0.3458 0.5284 0.7666 0.7834 0.4754 1.0000 0.3657 0.3495 0.2944 0.5224
agrl4_human.pdb 0.3603 0.3004 0.3722 0.2231 0.2366 0.3528 0.2685 0.3571 0.2118 0.2334 0.2280 0.2685 0.3728 0.2355 0.2323 0.3657 0.1524 0.2037 0.2177 0.2345 0.3587 0.3652 0.2296 0.3657 1.0000 0.2291 0.2301 0.3323
agrf2_human.pdb 0.3263 0.3166 0.2766 0.1740 0.2626 0.3787 0.2183 0.3555 0.2480 0.2469 0.2528 0.3209 0.3657 0.2712 0.3506 0.3274 0.1221 0.1686 0.1745 0.2626 0.3485 0.3479 0.2437 0.3495 0.2291 1.0000 0.1853 0.3279
agra1_human.pdb 0.2950 0.2550 0.2555 0.2458 0.2890 0.2658 0.2934 0.2820 0.2410 0.3025 0.2982 0.2955 0.3025 0.2993 0.1864 0.2998 0.1945 0.2339 0.2701 0.2923 0.2896 0.2944 0.2885 0.2944 0.2301 0.1853 1.0000 0.2220
agrf3_human.pdb 0.4689 0.4619 0.3998 0.2134 0.4036 0.5700 0.2766 0.5170 0.2539 0.3279 0.3414 0.4408 0.5386 0.3609 0.3306 0.4743 0.1513 0.1967 0.2545 0.3949 0.5213 0.5176 0.3712 0.5224 0.3323 0.3279 0.2220 1.0000
