28
agra3_human.pdb 382.1657 302.8394 310.2704 287.8739 296.9807 273.8381 316.7533 240.1932 319.7628 343.3134 332.9801 304.4484 268.6515 322.0065 295.0841 0.0000 335.5754 265.5652 310.9054 308.6163 305.9272 302.3328 280.1641 278.5611 313.7686 292.0330 332.1262 338.8025
agrg6_human.pdb 302.8394 382.1657 270.9114 227.2188 305.9001 274.3105 250.1809 306.8807 225.5031 319.6641 297.9591 305.4957 264.8891 272.7634 272.2684 301.0475 315.0130 147.9119 264.9827 268.3288 275.6460 315.8004 227.5200 301.0339 267.2347 233.9882 338.1732 283.1577
agrd1_human.pdb 310.2704 270.9114 382.1657 266.8681 264.3503 240.1592 302.6046 299.2387 297.4284 312.6387 299.1672 288.0909 297.5882 299.5234 260.0614 314.2218 283.8747 264.2789 273.7621 260.2615 214.6991 176.0238 264.0120 208.6374 235.9610 288.6568 285.9547 251.4009
agrg3_human.pdb 287.8739 227.2188 266.8681 382.1657 270.7515 253.7965 263.3870 308.9077 199.5712 291.8613 283.7622 323.9144 313.7402 219.5519 245.6384 282.6540 242.8347 226.3007 258.7220 231.2481 278.3701 278.7448 247.8658 294.4284 294.0749 244.1478 313.2520 210.7580
agrd2_human.pdb 296.9807 305.9001 264.3503 270.7515 382.1657 282.8910 236.1168 260.6032 255.8512 304.7567 315.5530 276.9074 295.3056 320.7657 232.5462 311.3493 202.3895 249.1337 218.3305 236.6375 232.0089 250.5491 167.8702 283.1224 283.6832 289.9854 249.8608 257.3505
agrb1_human.pdb 273.8381 274.3105 240.1592 253.7965 282.8910 382.1657 252.8578 264.8295 281.8795 309.1227 279.2537 285.2621 268.7237 281.8712 173.4026 296.4266 303.4506 285.3026 297.4409 315.2893 239.2617 173.7086 281.7235 192.8617 302.7750 271.8074 355.3785 218.2264
agrg7_human.pdb 316.7533 250.1809 302.6046 263.3870 236.1168 252.8578 382.1657 323.5692 212.2377 324.3021 305.1769 240.8429 297.5808 286.0508 209.1555 292.1597 160.1221 227.5269 188.6152 271.8347 301.6083 306.8949 271.3656 303.9239 305.6424 213.5449 307.5638 251.3945
agrb3_human.pdb 240.1932 306.8807 299.2387 308.9077 260.6032 264.8295 323.5692 382.1657 316.2447 352.0653 326.6420 300.8883 123.3139 300.3737 216.0951 274.1217 329.1048 262.0364 318.3619 296.2524 221.8782 227.7458 278.0828 236.1508 304.5342 324.4821 326.0259 314.1555
agrg1_human.pdb 319.7628 225.5031 297.4284 199.5712 255.8512 281.8795 212.2377 316.2447 382.1657 302.3799 248.3177 298.7239 313.5747 226.7484 259.6733 323.6185 304.4708 120.0911 261.9490 278.6884 277.4349 264.0187 207.1215 281.4961 284.6633 184.7580 286.6060 224.4455
agre5_human.pdb 343.3134 319.6641 312.6387 291.8613 304.7567 309.1227 324.3021 352.0653 302.3799 382.1657 205.4019 311.1797 342.1783 281.8726 301.9922 328.7809 319.8987 308.3744 327.5494 334.8127 334.6997 329.6857 320.9993 330.8075 294.7010 315.2415 249.9853 295.9018
agre2_human.pdb 332.9801 297.9591 299.1672 283.7622 315.5530 279.2537 305.1769 326.6420 248.3177 205.4019 382.1657 290.0409 338.1372 165.2880 277.0648 338.4533 307.2303 275.5291 320.3383 315.9309 318.3627 314.4956 301.1960 301.7939 298.6057 280.4394 300.4552 286.2684
agrf5_human.pdb 304.4484 305.4957 288.0909 323.9144 276.9074 285.2621 240.8429 300.8883 298.7239 311.1797 290.0409 382.1657 312.2602 315.4353 268.2789 295.0647 269.8770 328.3452 232.9587 307.0116 283.7321 297.3137 317.1876 265.5946 284.1615 284.7528 313.5514 271.8360
agrb2_human.pdb 268.6515 264.8891 297.5882 313.7402 295.3056 268.7237 297.5808 123.3139 313.5747 342.1783 338.1372 312.2602 382.1657 306.8532 216.1959 282.0480 312.3061 238.7523 299.7471 303.2036 268.9183 287.2627 266.6626 285.9536 307.7325 311.0748 351.5955 296.3348
agre1_human.pdb 322.0065 272.7634 299.5234 219.5519 320.7657 281.8712 286.0508 300.3737 226.7484 281.8726 165.2880 315.4353 306.8532 382.1657 259.0065 313.8905 317.6232 257.9999 288.8056 321.9748 326.6432 327.8781 276.1763 300.8831 288.2596 290.0193 256.1061 271.5661
agrf4_human.pdb 295.0841 272.2684 260.0614 245.6384 232.5462 173.4026 209.1555 216.0951 259.6733 301.9922 277.0648 268.2789 216.1959 259.0065 382.1657 307.3128 209.9977 197.4455 185.2146 283.6387 250.8367 238.1936 170.5889 261.0480 273.4902 78.2763 254.3498 233.2871
agra2_human.pdb 0.0000 301.0475 314.2218 282.6540 311.3493 296.4266 292.1597 274.1217 323.6185 328.7809 338.4533 295.0647 282.0480 313.8905 307.3128 382.1657 336.8667 275.6586 302.2661 298.6143 271.9068 298.0107 313.9113 305.1417 324.7209 303.6876 345.6368 339.4082
agre4_human.pdb 335.5754 315.0130 283.8747 242.8347 202.3895 303.4506 160.1221 329.1048 304.4708 319.8987 307.2303 269.8770 312.3061 317.6232 209.9977 336.8667 382.1657 251.3629 220.3688 269.9682 273.9254 247.4868 282.9901 312.8921 250.8099 260.1274 216.0919 284.9759
agrg5_human.pdb 265.5652 147.9119 264.2789 226.3007 249.1337 285.3026 227.5269 262.0364 120.0911 308.3744 275.5291 328.3452 238.7523 257.9999 197.4455 275.6586 251.3629 382.1657 224.5969 238.8465 260.0687 242.6948 241.4859 275.0257 266.7499 179.6181 275.8150 171.5391
agre3_human.pdb 310.9054 264.9827 273.7621 258.7220 218.3305 297.4409 188.6152 318.3619 261.9490 327.5494 320.3383 232.9587 299.7471 288.8056 185.2146 302.2661 220.3688 224.5969 382.1657 212.5882 275.7770 281.0664 222.7863 286.3791 281.0861 181.7827 273.8850 269.7948
agrg2_human.pdb 308.6163 268.3288 260.2615 231.2481 236.6375 315.2893 271.8347 296.2524 278.6884 334.8127 315.9309 307.0116 303.2036 321.9748 283.6387 298.6143 269.9682 238.8465 212.5882 382.1657 303.5847 292.7659 265.8612 301.3362 285.5184 258.6988 281.9369 251.2356
agrl3_human.pdb 305.9272 275.6460 214.6991 278.3701 232.0089 239.2617 301.6083 221.8782 277.4349 334.6997 318.3627 283.7321 268.9183 326.6432 250.8367 271.9068 273.9254 260.0687 275.7770 303.5847 382.1657 103.5292 233.2088 176.7118 299.4845 249.1754 339.3472 301.6547
agrl2_human.pdb 302.3328 315.8004 176.0238 278.7448 250.5491 173.7086 306.8949 227.7458 264.0187 329.6857 314.4956 297.3137 287.2627 327.8781 238.1936 298.0107 247.4868 242.6948 281.0664 292.7659 103.5292 382.1657 253.2201 32.9304 302.0362 228.3112 340.7354 289.0065
agrf1_human.pdb 280.1641 227.5200 264.0120 247.8658 167.8702 281.7235 271.3656 278.0828 207.1215 320.9993 301.1960 317.1876 266.6626 276.1763 170.5889 313.9113 282.9901 241.4859 222.7863 265.8612 233.2088 253.2201 382.1657 280.8528 287.0474 308.8227 310.3394 241.6303
agrl1_human.pdb 278.5611 301.0339 208.6374 294.4284 283.1224 192.8617 303.9239 236.1508 281.4961 330.8075 301.7939 265.5946 285.9536 300.8831 261.0480 305.1417 312.8921 275.0257 286.3791 301.3362 176.7118 32.9304 280.8528 382.1657 263.2860 247.2474 344.2129 286.0878
agrl4_human.pdb 313.7686 267.2347 235.9610 294.0749 283.6832 302.7750 305.6424 304.5342 284.6633 294.7010 298.6057 284.1615 307.7325 288.2596 273.4902 324.7209 250.8099 266.7499 281.0861 285.5184 299.4845 302.0362 287.0474 263.2860 382.1657 296.0034 235.1016 288.9428
agrf2_human.pdb 292.0330 233.9882 288.6568 244.1478 289.9854 271.8074 213.5449 324.4821 184.7580 315.2415 280.4394 284.7528 311.0748 290.0193 78.2763 303.6876 260.1274 179.6181 181.7827 258.6988 249.1754 228.3112 308.8227 247.2474 296.0034 382.1657 230.9481 260.5210
agra1_human.pdb 332.1262 338.1732 285.9547 313.2520 249.8608 355.3785 307.5638 326.0259 286.6060 249.9853 300.4552 313.5514 351.5955 256.1061 254.3498 345.6368 216.0919 275.8150 273.8850 281.9369 339.3472 340.7354 310.3394 344.2129 235.1016 230.9481 382.1657 312.1194
agrf3_human.pdb 338.8025 283.1577 251.4009 210.7580 257.3505 218.2264 251.3945 314.1555 224.4455 295.9018 286.2684 271.8360 296.3348 271.5661 233.2871 339.4082 284.9759 171.5391 269.7948 251.2356 301.6547 289.0065 241.6303 286.0878 288.9428 260.5210 312.1194 382.1657
