28
agra3_human.pdb 1.0000 0.8127 0.9383 0.9636 0.8645 0.9348 0.9130 0.9701 0.8609 0.8699 0.8884 0.7271 0.9899 0.8553 0.9023 0.9823 0.9526 0.9277 0.9250 0.8687 0.9486 0.9658 0.8685 0.9654 0.9474 0.8380 0.9504 0.7979
agrg6_human.pdb 0.8127 1.0000 0.8351 0.9815 0.8272 0.9368 0.6948 0.9145 0.9698 0.8389 0.8503 0.7749 0.9684 0.8509 0.7723 0.8187 0.7404 0.9556 0.7965 0.7734 0.9348 0.9232 0.8109 0.9286 0.7968 0.8177 0.8134 0.7858
agrd1_human.pdb 0.9383 0.8351 1.0000 0.8298 0.6599 0.9048 0.6826 0.9403 0.7200 0.6625 0.6734 0.7145 0.9922 0.6516 0.7381 0.9493 0.6863 0.8263 0.7121 0.6459 0.9660 0.9716 0.6348 0.9699 0.9948 0.7177 0.8252 0.8349
agrg3_human.pdb 0.9636 0.9815 0.8298 1.0000 0.8733 0.8407 0.8870 0.9094 0.8410 0.8259 0.8176 0.8976 0.9577 0.8132 0.5843 0.9739 0.7139 0.8484 0.8122 0.8529 0.9410 0.9635 0.8339 0.9548 0.7440 0.5802 0.8073 0.7065
agrd2_human.pdb 0.8645 0.8272 0.6599 0.8733 1.0000 0.9184 0.7963 0.9325 0.8046 0.8935 0.9191 0.9925 0.9905 0.8795 0.7195 0.8727 0.8953 0.8716 0.9568 0.9656 0.9603 0.9366 0.9769 0.9429 0.6293 0.6769 0.9409 0.7701
agrb1_human.pdb 0.9348 0.9368 0.9048 0.8407 0.9184 1.0000 0.8962 0.9183 0.8800 0.8979 0.8944 0.8499 0.9207 0.9058 0.9640 0.9338 0.8224 0.8299 0.8675 0.9164 0.9399 0.9412 0.9083 0.9450 0.9371 0.9743 0.8627 0.9738
agrg7_human.pdb 0.9130 0.6948 0.6826 0.8870 0.7963 0.8962 1.0000 0.8917 0.7177 0.6937 0.6889 0.9934 0.9386 0.6839 0.6198 0.9132 0.9786 0.8790 0.8372 0.8549 0.8743 0.9148 0.7762 0.8982 0.7148 0.5611 0.9480 0.6358
agrb3_human.pdb 0.9701 0.9145 0.9403 0.9094 0.9325 0.9183 0.8917 1.0000 0.9306 0.9275 0.9338 0.8179 0.9875 0.9397 0.9298 0.9611 0.9302 0.9229 0.9301 0.9412 0.9578 0.9570 0.9364 0.9561 0.9463 0.9060 0.9032 0.8716
agrg1_human.pdb 0.8609 0.9698 0.7200 0.8410 0.8046 0.8800 0.7177 0.9306 1.0000 0.7933 0.8003 0.9422 0.9819 0.8379 0.5883 0.8630 0.6737 0.9707 0.7029 0.8139 0.9535 0.9733 0.7721 0.9644 0.5634 0.6509 0.7795 0.6659
agre5_human.pdb 0.8699 0.8389 0.6625 0.8259 0.8935 0.8979 0.6937 0.9275 0.7933 1.0000 0.9205 0.9472 0.9802 0.9686 0.6173 0.8841 0.7929 0.8524 0.8875 0.8961 0.9527 0.9542 0.8872 0.9540 0.6203 0.6399 0.9775 0.7214
agre2_human.pdb 0.8884 0.8503 0.6734 0.8176 0.9191 0.8944 0.6889 0.9338 0.8003 0.9205 1.0000 0.9596 0.9826 0.9799 0.6629 0.9026 0.7848 0.8453 0.8578 0.9176 0.9497 0.9362 0.8883 0.9434 0.6067 0.6505 0.9620 0.7532
agrf5_human.pdb 0.7271 0.7749 0.7145 0.8976 0.9925 0.8499 0.9934 0.8179 0.9422 0.9472 0.9596 1.0000 0.8653 0.9489 0.8096 0.7242 0.9760 0.9423 0.9775 0.9923 0.8100 0.8187 0.9845 0.8258 0.7145 0.8216 0.9550 0.7478
agrb2_human.pdb 0.9899 0.9684 0.9922 0.9577 0.9905 0.9207 0.9386 0.9875 0.9819 0.9802 0.9826 0.8653 1.0000 0.9653 0.9332 0.9921 0.9443 0.9679 0.9708 0.9844 0.9915 0.9936 0.9873 0.9949 0.9885 0.9326 0.9784 0.9130
agre1_human.pdb 0.8553 0.8509 0.6516 0.8132 0.8795 0.9058 0.6839 0.9397 0.8379 0.9686 0.9799 0.9489 0.9653 1.0000 0.6569 0.8741 0.7750 0.8409 0.8799 0.8741 0.9491 0.9372 0.8478 0.9470 0.6237 0.6864 0.9576 0.7348
agrf4_human.pdb 0.9023 0.7723 0.7381 0.5843 0.7195 0.9640 0.6198 0.9298 0.5883 0.6173 0.6629 0.8096 0.9332 0.6569 1.0000 0.8900 0.4943 0.5900 0.5308 0.7347 0.9104 0.9043 0.6665 0.9024 0.6182 0.9301 0.6087 0.8694
agra2_human.pdb 0.9823 0.8187 0.9493 0.9739 0.8727 0.9338 0.9132 0.9611 0.8630 0.8841 0.9026 0.7242 0.9921 0.8741 0.8900 1.0000 0.9505 0.9386 0.9403 0.8746 0.9370 0.9536 0.8746 0.9615 0.9629 0.8454 0.9623 0.8075
agre4_human.pdb 0.9526 0.7404 0.6863 0.7139 0.8953 0.8224 0.9786 0.9302 0.6737 0.7929 0.7848 0.9760 0.9443 0.7750 0.4943 0.9505 1.0000 0.6392 0.7714 0.9254 0.9118 0.9317 0.8918 0.8736 0.6080 0.4873 0.7632 0.5932
agrg5_human.pdb 0.9277 0.9556 0.8263 0.8484 0.8716 0.8299 0.8790 0.9229 0.9707 0.8524 0.8453 0.9423 0.9679 0.8409 0.5900 0.9386 0.6392 1.0000 0.8353 0.8791 0.9485 0.9648 0.8573 0.9521 0.7082 0.5858 0.7988 0.6802
agre3_human.pdb 0.9250 0.7965 0.7121 0.8122 0.9568 0.8675 0.8372 0.9301 0.7029 0.8875 0.8578 0.9775 0.9708 0.8799 0.5308 0.9403 0.7714 0.8353 1.0000 0.9848 0.9489 0.9567 0.9492 0.9575 0.6161 0.4933 0.8705 0.7124
agrg2_human.pdb 0.8687 0.7734 0.6459 0.8529 0.9656 0.9164 0.8549 0.9412 0.8139 0.8961 0.9176 0.9923 0.9844 0.8741 0.7347 0.8746 0.9254 0.8791 0.9848 1.0000 0.9281 0.9401 0.9869 0.9491 0.6258 0.6776 0.9380 0.7128
agrl3_human.pdb 0.9486 0.9348 0.9660 0.9410 0.9603 0.9399 0.8743 0.9578 0.9535 0.9527 0.9497 0.8100 0.9915 0.9491 0.9104 0.9370 0.9118 0.9485 0.9489 0.9281 1.0000 0.9757 0.9689 0.9752 0.9528 0.8961 0.9318 0.8843
agrl2_human.pdb 0.9658 0.9232 0.9716 0.9635 0.9366 0.9412 0.9148 0.9570 0.9733 0.9542 0.9362 0.8187 0.9936 0.9372 0.9043 0.9536 0.9317 0.9648 0.9567 0.9401 0.9757 1.0000 0.9511 0.9904 0.9716 0.8966 0.9495 0.8794
agrf1_human.pdb 0.8685 0.8109 0.6348 0.8339 0.9769 0.9083 0.7762 0.9364 0.7721 0.8872 0.8883 0.9845 0.9873 0.8478 0.6665 0.8746 0.8918 0.8573 0.9492 0.9869 0.9689 0.9511 1.0000 0.9485 0.6123 0.6325 0.9355 0.7493
agrl1_human.pdb 0.9654 0.9286 0.9699 0.9548 0.9429 0.9450 0.8982 0.9561 0.9644 0.9540 0.9434 0.8258 0.9949 0.9470 0.9024 0.9615 0.8736 0.9521 0.9575 0.9491 0.9752 0.9904 0.9485 1.0000 0.9750 0.9015 0.9375 0.8923
agrl4_human.pdb 0.9474 0.7968 0.9948 0.7440 0.6293 0.9371 0.7148 0.9463 0.5634 0.6203 0.6067 0.7145 0.9885 0.6237 0.6182 0.9629 0.6080 0.7082 0.6161 0.6258 0.9528 0.9716 0.6123 0.9750 1.0000 0.6104 0.7488 0.8833
agrf2_human.pdb 0.8380 0.8177 0.7177 0.5802 0.6769 0.9743 0.5611 0.9060 0.6509 0.6399 0.6505 0.8216 0.9326 0.6864 0.9301 0.8454 0.4873 0.5858 0.4933 0.6776 0.8961 0.8966 0.6325 0.9015 0.6104 1.0000 0.6051 0.8461
agra1_human.pdb 0.9504 0.8134 0.8252 0.8073 0.9409 0.8627 0.9480 0.9032 0.7795 0.9775 0.9620 0.9550 0.9784 0.9576 0.6087 0.9623 0.7632 0.7988 0.8705 0.9380 0.9318 0.9495 0.9355 0.9375 0.7488 0.6051 1.0000 0.7281
agrf3_human.pdb 0.7979 0.7858 0.8349 0.7065 0.7701 0.9738 0.6358 0.8716 0.6659 0.7214 0.7532 0.7478 0.9130 0.7348 0.8694 0.8075 0.5932 0.6802 0.7124 0.7128 0.8843 0.8794 0.7493 0.8923 0.8833 0.8461 0.7281 1.0000
