19
fpr1_human.pdb 1.0000 0.5547 0.4662 0.5370 0.5450 0.5547 0.5434 0.4807 0.5386 0.4984 0.5386 0.5145 0.5563 0.5113 0.5418 0.5498 0.4807 0.5450 0.4807
fpr3_human.pdb 0.5547 1.0000 0.4711 0.5402 0.5498 0.5595 0.5386 0.4855 0.5434 0.5032 0.5370 0.5177 0.5611 0.5145 0.5370 0.5434 0.4920 0.5498 0.4823
cckar_human.pdb 0.4662 0.4711 1.0000 0.5016 0.5257 0.5016 0.4727 0.6077 0.5032 0.4502 0.5177 0.4678 0.4807 0.4711 0.4887 0.6093 0.6013 0.5048 0.4839
bkrb2_human.pdb 0.5370 0.5402 0.5016 1.0000 0.5949 0.5611 0.5273 0.5161 0.5868 0.5225 0.6222 0.5627 0.5466 0.5514 0.5402 0.5305 0.4904 0.5563 0.4646
ednra_human.pdb 0.5450 0.5498 0.5257 0.5949 1.0000 0.5707 0.5498 0.5418 0.5949 0.5418 0.6495 0.5579 0.5595 0.5514 0.5659 0.5434 0.5257 0.5788 0.4775
apj_human.pdb 0.5547 0.5595 0.5016 0.5611 0.5707 1.0000 0.5434 0.5322 0.5595 0.5177 0.5595 0.5386 0.5659 0.5370 0.5418 0.5498 0.4952 0.5868 0.4839
bkrb1_human.pdb 0.5434 0.5386 0.4727 0.5273 0.5498 0.5434 1.0000 0.4839 0.5402 0.4823 0.5402 0.5080 0.5482 0.4984 0.5563 0.5322 0.4807 0.5498 0.4775
brs3_human.pdb 0.4807 0.4855 0.6077 0.5161 0.5418 0.5322 0.4839 1.0000 0.5145 0.4646 0.5354 0.4823 0.4920 0.4871 0.5032 0.5482 0.5402 0.5305 0.4968
nmbr_human.pdb 0.5386 0.5434 0.5032 0.5868 0.5949 0.5595 0.5402 0.5145 1.0000 0.5241 0.6029 0.5547 0.5514 0.5450 0.5386 0.5322 0.4839 0.5595 0.4646
c5ar2_human.pdb 0.4984 0.5032 0.4502 0.5225 0.5418 0.5177 0.4823 0.4646 0.5241 1.0000 0.5225 0.5016 0.5113 0.4984 0.4807 0.4984 0.4421 0.5000 0.4309
ednrb_human.pdb 0.5386 0.5370 0.5177 0.6222 0.6495 0.5595 0.5402 0.5354 0.6029 0.5225 1.0000 0.5563 0.5434 0.5514 0.5563 0.5386 0.5145 0.5691 0.4727
c5ar1_human.pdb 0.5145 0.5177 0.4678 0.5627 0.5579 0.5386 0.5080 0.4823 0.5547 0.5016 0.5563 1.0000 0.5257 0.5418 0.5064 0.5080 0.4598 0.5273 0.4469
agtr1_human.pdb 0.5563 0.5611 0.4807 0.5466 0.5595 0.5659 0.5482 0.4920 0.5514 0.5113 0.5434 0.5257 1.0000 0.5241 0.5466 0.5498 0.4936 0.5531 0.4839
fpr2_human.pdb 0.5113 0.5145 0.4711 0.5514 0.5514 0.5370 0.4984 0.4871 0.5450 0.4984 0.5514 0.5418 0.5241 1.0000 0.4968 0.5225 0.4662 0.5177 0.4566
agtr2_human.pdb 0.5418 0.5370 0.4887 0.5402 0.5659 0.5418 0.5563 0.5032 0.5386 0.4807 0.5563 0.5064 0.5466 0.4968 1.0000 0.5305 0.5000 0.5579 0.4775
c3ar_human.pdb 0.5498 0.5434 0.6093 0.5305 0.5434 0.5498 0.5322 0.5482 0.5322 0.4984 0.5386 0.5080 0.5498 0.5225 0.5305 1.0000 0.6559 0.5402 0.5466
gasr_human.pdb 0.4807 0.4920 0.6013 0.4904 0.5257 0.4952 0.4807 0.5402 0.4839 0.4421 0.5145 0.4598 0.4936 0.4662 0.5000 0.6559 1.0000 0.5032 0.5514
grpr_human.pdb 0.5450 0.5498 0.5048 0.5563 0.5788 0.5868 0.5498 0.5305 0.5595 0.5000 0.5691 0.5273 0.5531 0.5177 0.5579 0.5402 0.5032 1.0000 0.4791
galr1_human.pdb 0.4807 0.4823 0.4839 0.4646 0.4775 0.4839 0.4775 0.4968 0.4646 0.4309 0.4727 0.4469 0.4839 0.4566 0.4775 0.5466 0.5514 0.4791 1.0000
