19
fpr1_human.pdb 0.0000 6.2719 21.4282 18.6824 18.7754 19.5095 13.0712 18.5115 22.4588 15.9264 22.4439 18.1271 13.3747 18.8935 9.2500 4.3333 22.7223 16.1267 19.1524
fpr3_human.pdb 6.2719 0.0000 21.4818 18.4752 18.9835 19.7529 10.7182 17.9674 21.3864 14.1102 19.3478 17.1849 11.8891 18.0499 5.7313 6.4909 22.7845 14.2716 18.3751
cckar_human.pdb 21.4282 21.4818 0.0000 12.0582 13.5520 12.1464 11.6324 14.8864 12.8777 15.9133 13.2728 11.7923 19.5020 10.9013 16.0533 40.7902 19.8686 13.1662 16.0837
bkrb2_human.pdb 18.6824 18.4752 12.0582 0.0000 10.1270 12.1367 9.6015 15.5094 11.2325 10.2552 12.2746 10.3234 14.9867 8.0144 14.0282 18.6340 17.9530 11.2272 16.5576
ednra_human.pdb 18.7754 18.9835 13.5520 10.1270 0.0000 14.8470 13.9547 19.7208 15.9335 12.4901 16.8033 14.5590 15.2196 10.6304 14.1717 18.2056 19.6558 11.0448 17.5714
apj_human.pdb 19.5095 19.7529 12.1464 12.1367 14.8470 0.0000 6.8433 11.5212 13.3955 15.1809 11.8395 13.9174 16.7934 14.0241 13.4865 18.6370 19.1708 12.0125 16.6996
bkrb1_human.pdb 13.0712 10.7182 11.6324 9.6015 13.9547 6.8433 0.0000 10.0325 11.1782 8.7187 10.9534 11.7566 9.9634 10.9102 12.1272 11.9722 19.2888 10.0958 15.3409
brs3_human.pdb 18.5115 17.9674 14.8864 15.5094 19.7208 11.5212 10.0325 0.0000 16.5290 12.9223 15.9270 11.7099 19.4812 12.8388 19.7552 34.3889 16.5988 12.0553 14.4635
nmbr_human.pdb 22.4588 21.3864 12.8777 11.2325 15.9335 13.3955 11.1782 16.5290 0.0000 13.3833 9.0367 12.4568 17.9232 10.9165 16.8762 22.9287 22.4210 12.3964 19.0349
c5ar2_human.pdb 15.9264 14.1102 15.9133 10.2552 12.4901 15.1809 8.7187 12.9223 13.3833 0.0000 11.6469 8.7443 12.0360 9.1462 12.2082 16.3180 16.0932 9.3880 14.7845
ednrb_human.pdb 22.4439 19.3478 13.2728 12.2746 16.8033 11.8395 10.9534 15.9270 9.0367 11.6469 0.0000 11.5950 16.5388 10.0988 17.9968 22.3752 22.8870 14.0253 18.3888
c5ar1_human.pdb 18.1271 17.1849 11.7923 10.3234 14.5590 13.9174 11.7566 11.7099 12.4568 8.7443 11.5950 0.0000 16.7788 4.6327 15.5139 18.0994 18.3218 11.7447 17.6772
agtr1_human.pdb 13.3747 11.8891 19.5020 14.9867 15.2196 16.7934 9.9634 19.4812 17.9232 12.0360 16.5388 16.7788 0.0000 16.8575 10.3822 13.1758 20.9273 12.8689 17.4950
fpr2_human.pdb 18.8935 18.0499 10.9013 8.0144 10.6304 14.0241 10.9102 12.8388 10.9165 9.1462 10.0988 4.6327 16.8575 0.0000 14.7727 19.6813 17.1928 9.0371 17.4414
agtr2_human.pdb 9.2500 5.7313 16.0533 14.0282 14.1717 13.4865 12.1272 19.7552 16.8762 12.2082 17.9968 15.5139 10.3822 14.7727 0.0000 8.9642 21.8965 13.4164 17.6914
c3ar_human.pdb 4.3333 6.4909 40.7902 18.6340 18.2056 18.6370 11.9722 34.3889 22.9287 16.3180 22.3752 18.0994 13.1758 19.6813 8.9642 0.0000 43.7172 15.7903 31.6663
gasr_human.pdb 22.7223 22.7845 19.8686 17.9530 19.6558 19.1708 19.2888 16.5988 22.4210 16.0932 22.8870 18.3218 20.9273 17.1928 21.8965 43.7172 0.0000 18.7290 9.7471
grpr_human.pdb 16.1267 14.2716 13.1662 11.2272 11.0448 12.0125 10.0958 12.0553 12.3964 9.3880 14.0253 11.7447 12.8689 9.0371 13.4164 15.7903 18.7290 0.0000 17.6591
galr1_human.pdb 19.1524 18.3751 16.0837 16.5576 17.5714 16.6996 15.3409 14.4635 19.0349 14.7845 18.3888 17.6772 17.4950 17.4414 17.6914 31.6663 9.7471 17.6591 0.0000
