19
fpr1_human.pdb 1.0000 0.9852 0.8200 0.9395 0.9579 0.9747 0.9596 0.8437 0.9443 0.9106 0.9456 0.9026 0.9816 0.8959 0.9614 0.9753 0.8387 0.9617 0.8475
fpr3_human.pdb 0.9852 1.0000 0.8167 0.9319 0.9513 0.9698 0.9433 0.8420 0.9419 0.9188 0.9328 0.9046 0.9819 0.8957 0.9447 0.9564 0.8495 0.9609 0.8495
cckar_human.pdb 0.8200 0.8167 1.0000 0.7916 0.7591 0.8174 0.8225 0.9392 0.7963 0.8162 0.7453 0.8261 0.8149 0.8291 0.8285 0.8596 0.8614 0.8101 0.8505
bkrb2_human.pdb 0.9395 0.9319 0.7916 1.0000 0.9430 0.9125 0.9239 0.8126 0.9285 0.9598 0.9787 0.9944 0.9362 0.9734 0.9209 0.8328 0.7714 0.8961 0.8194
ednra_human.pdb 0.9579 0.9513 0.7591 0.9430 1.0000 0.9294 0.9638 0.8326 0.9465 0.9902 0.9378 0.9856 0.9585 0.9739 0.9586 0.7779 0.7588 0.9340 0.8396
apj_human.pdb 0.9747 0.9698 0.8174 0.9125 0.9294 1.0000 0.9556 0.8656 0.9100 0.9397 0.9069 0.9473 0.9628 0.9407 0.9231 0.8862 0.7958 0.9543 0.8522
bkrb1_human.pdb 0.9596 0.9433 0.8225 0.9239 0.9638 0.9556 1.0000 0.8466 0.9446 0.8867 0.9430 0.8934 0.9615 0.8738 0.9725 0.9301 0.8292 0.9606 0.8450
brs3_human.pdb 0.8437 0.8420 0.9392 0.8126 0.8326 0.8656 0.8466 1.0000 0.8119 0.8504 0.8251 0.8544 0.8397 0.8616 0.8523 0.8391 0.8349 0.8566 0.8799
nmbr_human.pdb 0.9443 0.9419 0.7963 0.9285 0.9465 0.9100 0.9446 0.8119 1.0000 0.9621 0.9587 0.9831 0.9488 0.9630 0.9169 0.8441 0.7578 0.9018 0.8197
c5ar2_human.pdb 0.9106 0.9188 0.8162 0.9598 0.9902 0.9397 0.8867 0.8504 0.9621 1.0000 0.9493 0.9218 0.9326 0.9141 0.8768 0.9003 0.8110 0.9191 0.7841
ednrb_human.pdb 0.9456 0.9328 0.7453 0.9787 0.9378 0.9069 0.9430 0.8251 0.9587 0.9493 1.0000 0.9796 0.9196 0.9672 0.9320 0.7438 0.7063 0.9072 0.8249
c5ar1_human.pdb 0.9026 0.9046 0.8261 0.9944 0.9856 0.9473 0.8934 0.8544 0.9831 0.9218 0.9796 1.0000 0.9296 0.9610 0.8894 0.8855 0.8091 0.9338 0.7865
agtr1_human.pdb 0.9816 0.9819 0.8149 0.9362 0.9585 0.9628 0.9615 0.8397 0.9488 0.9326 0.9196 0.9296 1.0000 0.9181 0.9411 0.9462 0.8479 0.9520 0.8519
fpr2_human.pdb 0.8959 0.8957 0.8291 0.9734 0.9739 0.9407 0.8738 0.8616 0.9630 0.9141 0.9672 0.9610 0.9181 1.0000 0.8634 0.8935 0.8182 0.9123 0.7987
agtr2_human.pdb 0.9614 0.9447 0.8285 0.9209 0.9586 0.9231 0.9725 0.8523 0.9169 0.8768 0.9320 0.8894 0.9411 0.8634 1.0000 0.9061 0.8444 0.9466 0.8441
c3ar_human.pdb 0.9753 0.9564 0.8596 0.8328 0.7779 0.8862 0.9301 0.8391 0.8441 0.9003 0.7438 0.8855 0.9462 0.8935 0.9061 1.0000 0.8900 0.8652 0.9594
gasr_human.pdb 0.8387 0.8495 0.8614 0.7714 0.7588 0.7958 0.8292 0.8349 0.7578 0.8110 0.7063 0.8091 0.8479 0.8182 0.8444 0.8900 1.0000 0.8069 0.9757
grpr_human.pdb 0.9617 0.9609 0.8101 0.8961 0.9340 0.9543 0.9606 0.8566 0.9018 0.9191 0.9072 0.9338 0.9520 0.9123 0.9466 0.8652 0.8069 1.0000 0.8487
galr1_human.pdb 0.8475 0.8495 0.8505 0.8194 0.8396 0.8522 0.8450 0.8799 0.8197 0.7841 0.8249 0.7865 0.8519 0.7987 0.8441 0.9594 0.9757 0.8487 1.0000
