11
fzd4_human.pdb 1.0000 0.5767 0.6781 0.6591 0.6743 0.5627 0.6654 0.6540 0.6122 0.5691 0.6147
fzd7_human.pdb 0.5767 1.0000 0.7250 0.6096 0.6705 0.7085 0.7098 0.6629 0.5957 0.6933 0.6984
smo_human.pdb 0.6781 0.7250 1.0000 0.7338 0.8771 0.7136 0.8175 0.8416 0.7478 0.7389 0.8923
fzd10_human.pdb 0.6591 0.6096 0.7338 1.0000 0.7212 0.5970 0.6895 0.7161 0.6527 0.6122 0.6401
fzd8_human.pdb 0.6743 0.6705 0.8771 0.7212 1.0000 0.6591 0.7643 0.8264 0.7313 0.6882 0.7807
fzd2_human.pdb 0.5627 0.7085 0.7136 0.5970 0.6591 1.0000 0.7009 0.6515 0.5843 0.6806 0.6819
fzd1_human.pdb 0.6654 0.7098 0.8175 0.6895 0.7643 0.7009 1.0000 0.7567 0.6869 0.6806 0.7567
fzd3_human.pdb 0.6540 0.6629 0.8416 0.7161 0.8264 0.6515 0.7567 1.0000 0.7490 0.6781 0.7452
fzd9_human.pdb 0.6122 0.5957 0.7478 0.6527 0.7313 0.5843 0.6869 0.7490 1.0000 0.5919 0.6730
fzd5_human.pdb 0.5691 0.6933 0.7389 0.6122 0.6882 0.6806 0.6806 0.6781 0.5919 1.0000 0.6819
fzd6_human.pdb 0.6147 0.6984 0.8923 0.6401 0.7807 0.6819 0.7567 0.7452 0.6730 0.6819 1.0000
