11
fzd4_human.pdb 0.0000 29.4589 40.4065 16.4209 22.8952 31.2577 33.5740 32.2647 23.0771 26.6789 40.5726
fzd7_human.pdb 29.4589 0.0000 41.6263 30.7426 30.7787 12.5681 14.3003 38.7177 27.7762 15.3907 42.0980
smo_human.pdb 40.4065 41.6263 0.0000 39.9963 42.8613 43.2410 52.0180 42.0928 41.6167 41.3517 31.2806
fzd10_human.pdb 16.4209 30.7426 39.9963 0.0000 22.8519 31.5344 37.5778 36.7197 22.8052 27.8833 35.9050
fzd8_human.pdb 22.8952 30.7787 42.8613 22.8519 0.0000 32.5352 36.1547 43.6557 27.9117 30.3380 40.7161
fzd2_human.pdb 31.2577 12.5681 43.2410 31.5344 32.5352 0.0000 13.2700 40.9825 28.1820 16.0951 44.1222
fzd1_human.pdb 33.5740 14.3003 52.0180 37.5778 36.1547 13.2700 0.0000 44.6369 36.2658 18.0078 48.3123
fzd3_human.pdb 32.2647 38.7177 42.0928 36.7197 43.6557 40.9825 44.6369 0.0000 37.0245 41.7193 39.5858
fzd9_human.pdb 23.0771 27.7762 41.6167 22.8052 27.9117 28.1820 36.2658 37.0245 0.0000 22.3059 40.5746
fzd5_human.pdb 26.6789 15.3907 41.3517 27.8833 30.3380 16.0951 18.0078 41.7193 22.3059 0.0000 43.2256
fzd6_human.pdb 40.5726 42.0980 31.2806 35.9050 40.7161 44.1222 48.3123 39.5858 40.5746 43.2256 0.0000
