25
t2r50_human.pdb 1.0000 0.8375 0.8375 0.8375 0.8375 0.8207 0.7983 0.8375 0.8375 0.8235 0.8207 0.8375 0.8291 0.8375 0.8291 0.8375 0.8375 0.8095 0.8291 0.8375 0.8375 0.8347 0.8207 0.8319 0.8319
t2r20_human.pdb 0.8375 1.0000 0.8375 0.8571 0.8655 0.8207 0.7983 0.8487 0.8655 0.8431 0.8263 0.8655 0.8403 0.8571 0.8403 0.8655 0.8655 0.8263 0.8487 0.8375 0.8655 0.8543 0.8403 0.8515 0.8375
t2r19_human.pdb 0.8375 0.8375 1.0000 0.8375 0.8375 0.8207 0.7983 0.8375 0.8375 0.8235 0.8207 0.8375 0.8291 0.8375 0.8291 0.8375 0.8375 0.8095 0.8291 0.8375 0.8375 0.8347 0.8207 0.8319 0.8319
t2r38_human.pdb 0.8375 0.8571 0.8375 1.0000 0.8739 0.8347 0.8123 0.8655 0.8571 0.8739 0.8375 0.8824 0.8571 0.8908 0.8571 0.8711 0.8571 0.8375 0.8852 0.8375 0.8571 0.8711 0.8599 0.8936 0.8487
ta2r3_human.pdb 0.8375 0.8655 0.8375 0.8739 1.0000 0.8263 0.8039 0.8571 0.8655 0.8599 0.8291 0.8711 0.8487 0.8683 0.8487 0.8796 0.8655 0.8319 0.8627 0.8375 0.8655 0.8627 0.8515 0.8599 0.8459
ta2r4_human.pdb 0.8207 0.8207 0.8207 0.8347 0.8263 1.0000 0.8011 0.8347 0.8207 0.8207 0.8151 0.8207 0.8291 0.8347 0.8347 0.8263 0.8207 0.8067 0.8207 0.8207 0.8207 0.8319 0.8179 0.8319 0.8235
t2r16_human.pdb 0.7983 0.7983 0.7983 0.8123 0.8039 0.8011 1.0000 0.8123 0.7983 0.7983 0.7983 0.7983 0.8151 0.8123 0.8067 0.8039 0.7983 0.7871 0.7983 0.7983 0.7983 0.8123 0.7927 0.8095 0.8011
ta2r8_human.pdb 0.8375 0.8487 0.8375 0.8655 0.8571 0.8347 0.8123 1.0000 0.8487 0.8515 0.8375 0.8487 0.8571 0.8655 0.8571 0.8571 0.8487 0.8291 0.8515 0.8375 0.8487 0.8627 0.8431 0.8599 0.8487
t2r43_human.pdb 0.8375 0.8655 0.8375 0.8571 0.8655 0.8207 0.7983 0.8487 1.0000 0.8431 0.8263 0.8655 0.8403 0.8571 0.8403 0.8655 0.8655 0.8263 0.8487 0.8375 0.8655 0.8543 0.8403 0.8515 0.8375
ta2r9_human.pdb 0.8235 0.8431 0.8235 0.8739 0.8599 0.8207 0.7983 0.8515 0.8431 1.0000 0.8235 0.8515 0.8431 0.8683 0.8431 0.8571 0.8431 0.8235 0.8543 0.8235 0.8431 0.8571 0.8459 0.8543 0.8347
ta2r1_human.pdb 0.8207 0.8263 0.8207 0.8375 0.8291 0.8151 0.7983 0.8375 0.8263 0.8235 1.0000 0.8263 0.8291 0.8375 0.8291 0.8291 0.8263 0.8095 0.8235 0.8207 0.8263 0.8347 0.8207 0.8319 0.8263
t2r30_human.pdb 0.8375 0.8655 0.8375 0.8824 0.8711 0.8207 0.7983 0.8487 0.8655 0.8515 0.8263 1.0000 0.8403 0.8739 0.8403 0.8655 0.8655 0.8291 0.8768 0.8375 0.8655 0.8543 0.8487 0.8515 0.8375
t2r60_human.pdb 0.8291 0.8403 0.8291 0.8571 0.8487 0.8291 0.8151 0.8571 0.8403 0.8431 0.8291 0.8403 1.0000 0.8571 0.8543 0.8487 0.8403 0.8207 0.8431 0.8291 0.8403 0.8852 0.8347 0.8824 0.8403
ta2r7_human.pdb 0.8375 0.8571 0.8375 0.8908 0.8683 0.8347 0.8123 0.8655 0.8571 0.8683 0.8375 0.8739 0.8571 1.0000 0.8571 0.8655 0.8571 0.8375 0.8768 0.8375 0.8571 0.8711 0.8599 0.8683 0.8487
t2r41_human.pdb 0.8291 0.8403 0.8291 0.8571 0.8487 0.8347 0.8067 0.8571 0.8403 0.8431 0.8291 0.8403 0.8543 0.8571 1.0000 0.8487 0.8403 0.8207 0.8431 0.8291 0.8403 0.8543 0.8347 0.8515 0.8403
t2r42_human.pdb 0.8375 0.8655 0.8375 0.8711 0.8796 0.8263 0.8039 0.8571 0.8655 0.8571 0.8291 0.8655 0.8487 0.8655 0.8487 1.0000 0.8655 0.8319 0.8571 0.8375 0.8655 0.8627 0.8487 0.8599 0.8459
t2r31_human.pdb 0.8375 0.8655 0.8375 0.8571 0.8655 0.8207 0.7983 0.8487 0.8655 0.8431 0.8263 0.8655 0.8403 0.8571 0.8403 0.8655 1.0000 0.8263 0.8487 0.8375 0.8655 0.8543 0.8403 0.8515 0.8375
ta2r5_human.pdb 0.8095 0.8263 0.8095 0.8375 0.8319 0.8067 0.7871 0.8291 0.8263 0.8235 0.8095 0.8291 0.8207 0.8375 0.8207 0.8319 0.8263 1.0000 0.8319 0.8095 0.8263 0.8319 0.8291 0.8319 0.8207
t2r14_human.pdb 0.8291 0.8487 0.8291 0.8852 0.8627 0.8207 0.7983 0.8515 0.8487 0.8543 0.8235 0.8768 0.8431 0.8768 0.8431 0.8571 0.8487 0.8319 1.0000 0.8291 0.8487 0.8571 0.8543 0.8543 0.8459
t2r45_human.pdb 0.8375 0.8375 0.8375 0.8375 0.8375 0.8207 0.7983 0.8375 0.8375 0.8235 0.8207 0.8375 0.8291 0.8375 0.8291 0.8375 0.8375 0.8095 0.8291 1.0000 0.8375 0.8347 0.8207 0.8319 0.8319
t2r46_human.pdb 0.8375 0.8655 0.8375 0.8571 0.8655 0.8207 0.7983 0.8487 0.8655 0.8431 0.8263 0.8655 0.8403 0.8571 0.8403 0.8655 0.8655 0.8263 0.8487 0.8375 1.0000 0.8543 0.8403 0.8515 0.8375
t2r40_human.pdb 0.8347 0.8543 0.8347 0.8711 0.8627 0.8319 0.8123 0.8627 0.8543 0.8571 0.8347 0.8543 0.8852 0.8711 0.8543 0.8627 0.8543 0.8319 0.8571 0.8347 0.8543 1.0000 0.8487 0.9020 0.8459
t2r10_human.pdb 0.8207 0.8403 0.8207 0.8599 0.8515 0.8179 0.7927 0.8431 0.8403 0.8459 0.8207 0.8487 0.8347 0.8599 0.8347 0.8487 0.8403 0.8291 0.8543 0.8207 0.8403 0.8487 1.0000 0.8487 0.8347
t2r39_human.pdb 0.8319 0.8515 0.8319 0.8936 0.8599 0.8319 0.8095 0.8599 0.8515 0.8543 0.8319 0.8515 0.8824 0.8683 0.8515 0.8599 0.8515 0.8319 0.8543 0.8319 0.8515 0.9020 0.8487 1.0000 0.8431
t2r13_human.pdb 0.8319 0.8375 0.8319 0.8487 0.8459 0.8235 0.8011 0.8487 0.8375 0.8347 0.8263 0.8375 0.8403 0.8487 0.8403 0.8459 0.8375 0.8207 0.8459 0.8319 0.8375 0.8459 0.8347 0.8431 1.0000
