25
t2r50_human.pdb 0.0000 2.3943 2.1550 4.6326 2.3912 3.3413 2.5129 3.2614 2.3522 4.6338 4.3368 2.5089 3.2732 2.6649 3.3554 2.2163 2.1345 3.5858 3.1658 2.3854 2.1937 2.4509 2.8993 2.3070 3.1430
t2r20_human.pdb 2.3943 0.0000 1.5241 3.8645 3.1647 3.8942 2.5053 3.0430 2.6009 3.8811 4.7799 1.5542 3.3472 3.2234 3.1609 2.9932 2.8277 3.5268 3.2830 1.4804 2.8252 2.3254 2.4640 2.3553 3.6771
t2r19_human.pdb 2.1550 1.5241 0.0000 3.8396 2.5237 3.6338 2.5083 3.2612 1.4196 4.3901 4.7595 1.9573 3.1079 2.8029 3.1349 2.9659 1.3171 3.3001 3.1588 1.6751 1.4252 2.1098 2.3357 2.3908 3.3587
t2r38_human.pdb 4.6326 3.8645 3.8396 0.0000 4.6659 5.1856 3.7596 4.4126 4.1493 5.5093 5.9702 4.2109 4.0234 4.3717 3.9900 4.8940 4.0919 4.3402 4.9579 4.1782 4.2344 4.0058 3.8704 5.6931 4.6322
ta2r3_human.pdb 2.3912 3.1647 2.5237 4.6659 0.0000 3.2269 2.8330 2.7497 3.7049 5.7664 4.1331 3.8160 3.8329 2.8204 3.3716 2.7781 3.7845 3.8786 3.5413 2.6620 3.7182 3.4618 2.9971 3.3181 3.3271
ta2r4_human.pdb 3.3413 3.8942 3.6338 5.1856 3.2269 0.0000 3.8525 4.1556 3.8434 6.7207 4.7155 4.2661 3.6877 3.1857 4.4299 3.5887 3.8306 4.9018 4.2946 3.9527 3.7048 3.6631 3.7766 3.5074 4.2361
t2r16_human.pdb 2.5129 2.5053 2.5083 3.7596 2.8330 3.8525 0.0000 3.0372 2.6368 4.4012 4.4140 2.6857 2.4872 3.2451 2.4861 3.0799 2.5756 3.4932 3.3726 2.5990 2.5546 2.5928 2.9492 2.6804 3.5480
ta2r8_human.pdb 3.2614 3.0430 3.2612 4.4126 2.7497 4.1556 3.0372 0.0000 3.2988 5.2388 4.4459 3.3101 3.4025 3.6908 3.5851 3.0232 3.4312 4.1188 3.3900 3.0893 3.3035 3.2315 3.0870 3.1470 3.7880
t2r43_human.pdb 2.3522 2.6009 1.4196 4.1493 3.7049 3.8434 2.6368 3.2988 0.0000 4.3508 4.8575 2.8221 3.4573 3.3901 3.1504 3.9688 1.0382 3.6673 3.3386 0.8553 0.8801 2.7710 2.4753 2.6564 3.5316
ta2r9_human.pdb 4.6338 3.8811 4.3901 5.5093 5.7664 6.7207 4.4012 5.2388 4.3508 0.0000 6.2126 3.9574 5.2932 6.0999 4.3523 5.8139 4.3661 4.9994 5.4913 4.3542 4.4242 4.9841 4.3720 5.0421 5.6240
ta2r1_human.pdb 4.3368 4.7799 4.7595 5.9702 4.1331 4.7155 4.4140 4.4459 4.8575 6.2126 0.0000 4.9895 4.7640 3.8324 4.5041 4.1825 4.6495 5.0782 4.4124 4.6743 4.8289 5.0214 4.2286 4.9812 4.6584
t2r30_human.pdb 2.5089 1.5542 1.9573 4.2109 3.8160 4.2661 2.6857 3.3101 2.8221 3.9574 4.9895 0.0000 3.5330 3.6015 3.1748 3.4961 3.0055 3.5106 3.6404 1.4236 2.8444 2.7814 2.5925 2.8149 3.5595
t2r60_human.pdb 3.2732 3.3472 3.1079 4.0234 3.8329 3.6877 2.4872 3.4025 3.4573 5.2932 4.7640 3.5330 0.0000 4.0049 3.1417 4.1028 3.4371 4.5204 3.7140 3.0936 3.3896 3.3155 3.3226 4.3853 3.8325
ta2r7_human.pdb 2.6649 3.2234 2.8029 4.3717 2.8204 3.1857 3.2451 3.6908 3.3901 6.0999 3.8324 3.6015 4.0049 0.0000 3.8377 2.8478 3.1209 4.3378 3.9597 3.2890 3.3055 3.3878 3.2374 3.5265 3.8494
t2r41_human.pdb 3.3554 3.1609 3.1349 3.9900 3.3716 4.4299 2.4861 3.5851 3.1504 4.3523 4.5041 3.1748 3.1417 3.8377 0.0000 3.9062 2.9666 3.8040 3.8672 3.1102 3.1460 3.1427 3.1394 3.5850 4.0074
t2r42_human.pdb 2.2163 2.9932 2.9659 4.8940 2.7781 3.5887 3.0799 3.0232 3.9688 5.8139 4.1825 3.4961 4.1028 2.8478 3.9062 0.0000 4.0754 4.0831 3.6978 3.2175 4.0984 3.2571 3.2605 3.0229 3.6042
t2r31_human.pdb 2.1345 2.8277 1.3171 4.0919 3.7845 3.8306 2.5756 3.4312 1.0382 4.3661 4.6495 3.0055 3.4371 3.1209 2.9666 4.0754 0.0000 3.6959 3.4408 1.3489 1.1849 2.5801 2.5805 2.6724 3.5077
ta2r5_human.pdb 3.5858 3.5268 3.3001 4.3402 3.8786 4.9018 3.4932 4.1188 3.6673 4.9994 5.0782 3.5106 4.5204 4.3378 3.8040 4.0831 3.6959 0.0000 3.4375 3.3405 3.4891 4.0593 3.1837 4.2962 3.5037
t2r14_human.pdb 3.1658 3.2830 3.1588 4.9579 3.5413 4.2946 3.3726 3.3900 3.3386 5.4913 4.4124 3.6404 3.7140 3.9597 3.8672 3.6978 3.4408 3.4375 0.0000 2.9099 3.0923 3.8497 2.5688 3.8487 2.3010
t2r45_human.pdb 2.3854 1.4804 1.6751 4.1782 2.6620 3.9527 2.5990 3.0893 0.8553 4.3542 4.6743 1.4236 3.0936 3.2890 3.1102 3.2175 1.3489 3.3405 2.9099 0.0000 1.0293 2.4583 2.3145 2.4741 3.6044
t2r46_human.pdb 2.1937 2.8252 1.4252 4.2344 3.7182 3.7048 2.5546 3.3035 0.8801 4.4242 4.8289 2.8444 3.3896 3.3055 3.1460 4.0984 1.1849 3.4891 3.0923 1.0293 0.0000 2.8607 2.4328 2.6880 3.2619
t2r40_human.pdb 2.4509 2.3254 2.1098 4.0058 3.4618 3.6631 2.5928 3.2315 2.7710 4.9841 5.0214 2.7814 3.3155 3.3878 3.1427 3.2571 2.5801 4.0593 3.8497 2.4583 2.8607 0.0000 3.2256 3.2589 4.1635
t2r10_human.pdb 2.8993 2.4640 2.3357 3.8704 2.9971 3.7766 2.9492 3.0870 2.4753 4.3720 4.2286 2.5925 3.3226 3.2374 3.1394 3.2605 2.5805 3.1837 2.5688 2.3145 2.4328 3.2256 0.0000 3.2975 2.7688
t2r39_human.pdb 2.3070 2.3553 2.3908 5.6931 3.3181 3.5074 2.6804 3.1470 2.6564 5.0421 4.9812 2.8149 4.3853 3.5265 3.5850 3.0229 2.6724 4.2962 3.8487 2.4741 2.6880 3.2589 3.2975 0.0000 4.2744
t2r13_human.pdb 3.1430 3.6771 3.3587 4.6322 3.3271 4.2361 3.5480 3.7880 3.5316 5.6240 4.6584 3.5595 3.8325 3.8494 4.0074 3.6042 3.5077 3.5037 2.3010 3.6044 3.2619 4.1635 2.7688 4.2744 0.0000
