25
t2r50_human.pdb 1.0000 0.9995 0.9995 0.9970 0.9994 0.9788 0.9787 0.9988 0.9995 0.9806 0.9786 0.9994 0.9891 0.9993 0.9888 0.9994 0.9995 0.9653 0.9893 0.9994 0.9996 0.9962 0.9792 0.9928 0.9928
t2r20_human.pdb 0.9995 1.0000 0.9998 0.9884 0.9997 0.9790 0.9788 0.9799 0.9996 0.9732 0.9847 0.9998 0.9702 0.9898 0.9761 0.9995 0.9993 0.9855 0.9796 0.9997 0.9994 0.9866 0.9768 0.9832 0.9855
t2r19_human.pdb 0.9995 0.9998 1.0000 0.9987 0.9995 0.9790 0.9789 0.9991 0.9998 0.9825 0.9779 0.9998 0.9893 0.9996 0.9889 0.9994 0.9999 0.9657 0.9889 0.9997 0.9998 0.9963 0.9795 0.9925 0.9921
t2r38_human.pdb 0.9970 0.9884 0.9987 1.0000 0.9859 0.9948 0.9953 0.9981 0.9885 0.9986 0.9972 0.9858 0.9612 0.9994 0.9954 0.9888 0.9888 0.9986 0.9947 0.9978 0.9886 0.9617 0.9987 0.9559 0.9985
ta2r3_human.pdb 0.9994 0.9997 0.9995 0.9859 1.0000 0.9853 0.9853 0.9896 0.9992 0.9803 0.9888 0.9833 0.9574 0.9804 0.9855 0.9994 0.9992 0.9918 0.9738 0.9993 0.9992 0.9738 0.9895 0.9707 0.9958
ta2r4_human.pdb 0.9788 0.9790 0.9790 0.9948 0.9853 1.0000 0.9820 0.9954 0.9790 0.9788 0.9711 0.9790 0.9893 0.9959 0.9957 0.9857 0.9791 0.9613 0.9783 0.9789 0.9791 0.9926 0.9755 0.9924 0.9815
t2r16_human.pdb 0.9787 0.9788 0.9789 0.9953 0.9853 0.9820 1.0000 0.9956 0.9788 0.9774 0.9782 0.9788 0.9995 0.9956 0.9890 0.9851 0.9788 0.9646 0.9786 0.9788 0.9788 0.9960 0.9718 0.9923 0.9820
ta2r8_human.pdb 0.9988 0.9799 0.9991 0.9981 0.9896 0.9954 0.9956 1.0000 0.9796 0.9814 0.9992 0.9795 0.9892 0.9991 0.9956 0.9895 0.9795 0.9880 0.9825 0.9990 0.9794 0.9960 0.9797 0.9926 0.9984
t2r43_human.pdb 0.9995 0.9996 0.9998 0.9885 0.9992 0.9790 0.9788 0.9796 1.0000 0.9722 0.9854 0.9997 0.9700 0.9895 0.9766 0.9988 0.9999 0.9856 0.9802 1.0000 0.9999 0.9866 0.9768 0.9832 0.9863
ta2r9_human.pdb 0.9806 0.9732 0.9825 0.9986 0.9803 0.9788 0.9774 0.9814 0.9722 1.0000 0.9803 0.9730 0.9628 0.9909 0.9794 0.9776 0.9723 0.9816 0.9752 0.9810 0.9722 0.9785 0.9821 0.9745 0.9816
ta2r1_human.pdb 0.9786 0.9847 0.9779 0.9972 0.9888 0.9711 0.9782 0.9992 0.9854 0.9803 1.0000 0.9848 0.9886 0.9986 0.9889 0.9884 0.9849 0.9643 0.9816 0.9783 0.9846 0.9948 0.9784 0.9911 0.9847
t2r30_human.pdb 0.9994 0.9998 0.9998 0.9858 0.9833 0.9790 0.9788 0.9795 0.9997 0.9730 0.9848 1.0000 0.9428 0.9806 0.9762 0.9835 0.9996 0.9889 0.9864 0.9999 0.9996 0.9557 0.9867 0.9524 0.9856
t2r60_human.pdb 0.9891 0.9702 0.9893 0.9612 0.9574 0.9893 0.9995 0.9892 0.9700 0.9628 0.9886 0.9428 1.0000 0.9616 0.9929 0.9642 0.9702 0.9788 0.9486 0.9891 0.9701 0.9930 0.9700 0.9883 0.9888
ta2r7_human.pdb 0.9993 0.9898 0.9996 0.9994 0.9804 0.9959 0.9956 0.9991 0.9895 0.9909 0.9986 0.9806 0.9616 1.0000 0.9956 0.9835 0.9893 0.9981 0.9855 0.9987 0.9891 0.9771 0.9986 0.9736 0.9982
t2r41_human.pdb 0.9888 0.9761 0.9889 0.9954 0.9855 0.9957 0.9890 0.9956 0.9766 0.9794 0.9889 0.9762 0.9929 0.9956 1.0000 0.9855 0.9768 0.9787 0.9795 0.9895 0.9767 0.9930 0.9701 0.9896 0.9888
t2r42_human.pdb 0.9994 0.9995 0.9994 0.9888 0.9994 0.9857 0.9851 0.9895 0.9988 0.9776 0.9884 0.9835 0.9642 0.9835 0.9855 1.0000 0.9985 0.9918 0.9732 0.9992 0.9985 0.9803 0.9862 0.9771 0.9950
t2r31_human.pdb 0.9995 0.9993 0.9999 0.9888 0.9992 0.9791 0.9788 0.9795 0.9999 0.9723 0.9849 0.9996 0.9702 0.9893 0.9768 0.9985 1.0000 0.9855 0.9801 0.9999 0.9999 0.9865 0.9769 0.9830 0.9862
ta2r5_human.pdb 0.9653 0.9855 0.9657 0.9986 0.9918 0.9613 0.9646 0.9880 0.9856 0.9816 0.9643 0.9889 0.9788 0.9981 0.9787 0.9918 0.9855 1.0000 0.9919 0.9654 0.9855 0.9918 0.9888 0.9911 0.9789
t2r14_human.pdb 0.9893 0.9796 0.9889 0.9947 0.9738 0.9783 0.9786 0.9825 0.9802 0.9752 0.9816 0.9864 0.9486 0.9855 0.9795 0.9732 0.9801 0.9919 1.0000 0.9892 0.9798 0.9642 0.9929 0.9607 0.9961
t2r45_human.pdb 0.9994 0.9997 0.9997 0.9978 0.9993 0.9789 0.9788 0.9990 1.0000 0.9810 0.9783 0.9999 0.9891 0.9987 0.9895 0.9992 0.9999 0.9654 0.9892 1.0000 0.9998 0.9961 0.9796 0.9925 0.9925
t2r46_human.pdb 0.9996 0.9994 0.9998 0.9886 0.9992 0.9791 0.9788 0.9794 0.9999 0.9722 0.9846 0.9996 0.9701 0.9891 0.9767 0.9985 0.9999 0.9855 0.9798 0.9998 1.0000 0.9864 0.9768 0.9832 0.9864
t2r40_human.pdb 0.9962 0.9866 0.9963 0.9617 0.9738 0.9926 0.9960 0.9960 0.9866 0.9785 0.9948 0.9557 0.9930 0.9771 0.9930 0.9803 0.9865 0.9918 0.9642 0.9961 0.9864 1.0000 0.9859 0.9959 0.9946
t2r10_human.pdb 0.9792 0.9768 0.9795 0.9987 0.9895 0.9755 0.9718 0.9797 0.9768 0.9821 0.9784 0.9867 0.9700 0.9986 0.9701 0.9862 0.9769 0.9888 0.9929 0.9796 0.9768 0.9859 1.0000 0.9860 0.9827
t2r39_human.pdb 0.9928 0.9832 0.9925 0.9559 0.9707 0.9924 0.9923 0.9926 0.9832 0.9745 0.9911 0.9524 0.9883 0.9736 0.9896 0.9771 0.9830 0.9911 0.9607 0.9925 0.9832 0.9959 0.9860 1.0000 0.9907
t2r13_human.pdb 0.9928 0.9855 0.9921 0.9985 0.9958 0.9815 0.9820 0.9984 0.9863 0.9816 0.9847 0.9856 0.9888 0.9982 0.9888 0.9950 0.9862 0.9789 0.9961 0.9925 0.9864 0.9946 0.9827 0.9907 1.0000
