75
mc5r_human.pdb 1.0000 0.2438 0.2327 0.2438 0.2447 0.2438 0.2464 0.2702 0.2413 0.2421 0.2353 0.2447 0.2413 0.2413 0.2336 0.2379 0.2387 0.2370 0.2310 0.2370 0.2404 0.2762 0.2523 0.2370 0.2336 0.2353 0.2396 0.2353 0.2379 0.2430 0.2677 0.2430 0.2498 0.2438 0.2319 0.2353 0.2319 0.2310 0.2379 0.2430 0.2370 0.2489 0.2532 0.2413 0.2336 0.2353 0.2361 0.2447 0.2353 0.2361 0.2344 0.2455 0.2174 0.2677 0.2430 0.2353 0.2379 0.2421 0.2199 0.2353 0.2302 0.2404 0.2387 0.2413 0.2361 0.2387 0.2464 0.2327 0.2464 0.2455 0.2566 0.2651 0.2344 0.2464 0.2387
ssr3_human.pdb 0.2438 1.0000 0.2498 0.2720 0.2856 0.2651 0.2720 0.2438 0.3214 0.2677 0.2617 0.2540 0.2660 0.2762 0.2643 0.2702 0.2882 0.2788 0.2694 0.2617 0.3078 0.2472 0.3376 0.2720 0.2651 0.2609 0.2737 0.2813 0.2702 0.2882 0.2361 0.2856 0.2344 0.2660 0.2506 0.2634 0.2421 0.2677 0.2583 0.2660 0.2532 0.2873 0.3171 0.3223 0.2404 0.2788 0.2532 0.2822 0.2438 0.2634 0.2796 0.3129 0.2361 0.2992 0.2685 0.2575 0.2694 0.2958 0.2344 0.2626 0.2472 0.2626 0.2617 0.2856 0.2737 0.2847 0.3342 0.2600 0.2975 0.3154 0.2924 0.2882 0.2677 0.2702 0.2822
npbw1_human.pdb 0.2327 0.2498 1.0000 0.2754 0.2651 0.2702 0.2651 0.2361 0.2447 0.2583 0.2515 0.2566 0.2634 0.2677 0.2660 0.2685 0.2506 0.2438 0.2464 0.2660 0.2498 0.2353 0.2600 0.2745 0.2472 0.2327 0.2575 0.2379 0.2617 0.2720 0.2327 0.2455 0.2319 0.2583 0.2685 0.2720 0.2506 0.2379 0.2413 0.2532 0.2617 0.2600 0.2609 0.2566 0.2404 0.2634 0.2549 0.2600 0.2660 0.2404 0.2404 0.2583 0.2430 0.2489 0.2404 0.2617 0.2506 0.2549 0.2532 0.2626 0.2592 0.2327 0.2711 0.2660 0.2464 0.2438 0.2583 0.2583 0.2558 0.2540 0.2558 0.2523 0.2711 0.2626 0.2549
ntr1_human.pdb 0.2438 0.2720 0.2754 1.0000 0.3205 0.3154 0.3146 0.2464 0.2771 0.3214 0.2967 0.3197 0.3061 0.3333 0.3129 0.3103 0.2754 0.2685 0.2668 0.3240 0.2779 0.2464 0.2805 0.3103 0.2924 0.2523 0.3018 0.2549 0.3146 0.3069 0.2421 0.2668 0.2396 0.2924 0.2992 0.3009 0.2882 0.2413 0.2558 0.2762 0.2958 0.2702 0.2839 0.2882 0.2796 0.3095 0.3035 0.2711 0.2788 0.2609 0.2711 0.2822 0.2643 0.2745 0.2566 0.3069 0.3035 0.2745 0.2805 0.3223 0.2950 0.2489 0.3112 0.3163 0.2634 0.2617 0.2822 0.2907 0.2830 0.2651 0.2762 0.2779 0.3052 0.3086 0.2745
nmur2_human.pdb 0.2447 0.2856 0.2651 0.3205 1.0000 0.3052 0.3120 0.2438 0.2796 0.3078 0.2984 0.3112 0.3086 0.3384 0.2992 0.3078 0.2626 0.2634 0.2540 0.3078 0.2737 0.2472 0.2924 0.3154 0.3035 0.2515 0.3078 0.2549 0.3240 0.3282 0.2370 0.2651 0.2344 0.3052 0.2864 0.2992 0.2805 0.2481 0.2472 0.2558 0.2864 0.2728 0.2788 0.2737 0.2847 0.3052 0.2864 0.2643 0.2685 0.2600 0.2634 0.2847 0.2515 0.2762 0.2515 0.3026 0.3103 0.2685 0.2660 0.3043 0.2916 0.2523 0.3001 0.3180 0.2532 0.2617 0.2924 0.2924 0.2660 0.2711 0.2754 0.2677 0.3052 0.3103 0.2600
ednra_human.pdb 0.2438 0.2651 0.2702 0.3154 0.3052 1.0000 0.3180 0.2464 0.2643 0.3163 0.3018 0.2899 0.3197 0.3078 0.3103 0.3112 0.2737 0.2643 0.2660 0.3035 0.2975 0.2464 0.2771 0.3026 0.2967 0.2498 0.3061 0.2592 0.3001 0.2992 0.2413 0.2643 0.2387 0.2813 0.3018 0.2958 0.2856 0.2498 0.2540 0.2651 0.3188 0.2720 0.2856 0.2762 0.2737 0.3052 0.2958 0.2788 0.2813 0.2600 0.2643 0.3035 0.2660 0.2984 0.2540 0.3146 0.2873 0.2762 0.2958 0.3078 0.3035 0.2472 0.3393 0.3342 0.2677 0.2634 0.2864 0.3001 0.2813 0.2660 0.2728 0.2984 0.3112 0.3043 0.2677
brs3_human.pdb 0.2464 0.2720 0.2651 0.3146 0.3120 0.3180 1.0000 0.2455 0.2711 0.3291 0.3171 0.2958 0.3103 0.3103 0.3018 0.3018 0.2668 0.2677 0.2575 0.3018 0.2771 0.2489 0.2771 0.2967 0.3018 0.2532 0.3061 0.2566 0.2984 0.3043 0.2387 0.2668 0.2361 0.2941 0.2899 0.2890 0.2813 0.2455 0.2532 0.2575 0.2899 0.2711 0.2882 0.2694 0.2779 0.2984 0.3009 0.2651 0.2711 0.2626 0.2660 0.2856 0.2677 0.2779 0.2583 0.2992 0.3001 0.2694 0.2643 0.3026 0.2882 0.2540 0.3026 0.3205 0.2609 0.2609 0.2839 0.2916 0.2745 0.2677 0.2762 0.2702 0.2984 0.3248 0.2660
mc3r_human.pdb 0.2702 0.2438 0.2361 0.2464 0.2438 0.2464 0.2455 1.0000 0.2413 0.2413 0.2336 0.2464 0.2404 0.2413 0.2353 0.2370 0.2421 0.2353 0.2327 0.2387 0.2387 0.2728 0.2540 0.2396 0.2319 0.2361 0.2396 0.2379 0.2396 0.2421 0.2677 0.2413 0.2532 0.2430 0.2353 0.2370 0.2336 0.2310 0.2396 0.2481 0.2387 0.2506 0.2532 0.2447 0.2319 0.2361 0.2387 0.2498 0.2387 0.2370 0.2310 0.2438 0.2217 0.2651 0.2421 0.2336 0.2370 0.2447 0.2234 0.2361 0.2302 0.2387 0.2404 0.2396 0.2370 0.2413 0.2455 0.2310 0.2498 0.2464 0.2566 0.2660 0.2353 0.2455 0.2404
v1br_human.pdb 0.2413 0.3214 0.2447 0.2771 0.2796 0.2643 0.2711 0.2413 1.0000 0.2771 0.2651 0.2634 0.2677 0.2822 0.2660 0.2677 0.3035 0.2771 0.2685 0.2592 0.3137 0.2447 0.3248 0.2634 0.2694 0.2558 0.2762 0.2856 0.2643 0.2805 0.2336 0.2702 0.2319 0.2626 0.2532 0.2592 0.2464 0.2651 0.2634 0.2899 0.2523 0.2847 0.3026 0.3214 0.2447 0.2847 0.2617 0.2771 0.2472 0.2575 0.2992 0.3086 0.2396 0.2856 0.2634 0.2558 0.2745 0.2975 0.2336 0.2737 0.2455 0.2583 0.2617 0.2856 0.2600 0.2907 0.3223 0.2592 0.2839 0.2958 0.2916 0.2720 0.2583 0.2711 0.2711
v1ar_human.pdb 0.2421 0.2677 0.2583 0.3214 0.3078 0.3163 0.3291 0.2413 0.2771 1.0000 0.3112 0.3086 0.3069 0.3171 0.2992 0.2950 0.2694 0.2634 0.2558 0.2950 0.2830 0.2447 0.2771 0.2916 0.2984 0.2481 0.3026 0.2515 0.2941 0.3001 0.2344 0.2609 0.2319 0.2890 0.2847 0.2847 0.2728 0.2404 0.2489 0.2694 0.2916 0.2660 0.2839 0.2745 0.2694 0.2992 0.3137 0.2668 0.2651 0.2549 0.2702 0.2856 0.2685 0.2796 0.2532 0.2967 0.3078 0.2651 0.2617 0.3163 0.2856 0.2489 0.3035 0.3231 0.2558 0.2558 0.2796 0.2882 0.2796 0.2626 0.2720 0.2720 0.2941 0.3171 0.2617
apj_human.pdb 0.2353 0.2617 0.2515 0.2967 0.2984 0.3018 0.3171 0.2336 0.2651 0.3112 1.0000 0.2813 0.3009 0.2916 0.2907 0.2856 0.2523 0.2575 0.2515 0.2882 0.2677 0.2379 0.2668 0.2813 0.2950 0.2464 0.2975 0.2532 0.2873 0.2933 0.2268 0.2583 0.2276 0.2813 0.2779 0.2805 0.2728 0.2421 0.2455 0.2472 0.2805 0.2617 0.2745 0.2575 0.2745 0.2907 0.2890 0.2515 0.2600 0.2575 0.2617 0.2728 0.2617 0.2609 0.2515 0.2830 0.2847 0.2575 0.2506 0.2899 0.2737 0.2472 0.2907 0.3061 0.2498 0.2540 0.2728 0.2873 0.2600 0.2592 0.2626 0.2532 0.2864 0.3095 0.2540
ntr2_human.pdb 0.2447 0.2540 0.2566 0.3197 0.3112 0.2899 0.2958 0.2464 0.2634 0.3086 0.2813 1.0000 0.2899 0.3154 0.2864 0.2830 0.2532 0.2540 0.2489 0.2933 0.2592 0.2472 0.2643 0.2882 0.2847 0.2472 0.2899 0.2455 0.2967 0.2899 0.2396 0.2532 0.2370 0.2933 0.2711 0.2754 0.2720 0.2310 0.2472 0.2805 0.2728 0.2540 0.2651 0.2651 0.2771 0.2856 0.2873 0.2489 0.2626 0.2583 0.2583 0.2660 0.2489 0.2549 0.2506 0.2839 0.3095 0.2523 0.2592 0.3223 0.2720 0.2464 0.2830 0.2924 0.2455 0.2472 0.2668 0.2711 0.2805 0.2472 0.2694 0.2549 0.2813 0.2941 0.2532
nmbr_human.pdb 0.2413 0.2660 0.2634 0.3061 0.3086 0.3197 0.3103 0.2404 0.2677 0.3069 0.3009 0.2899 1.0000 0.3086 0.3026 0.2992 0.2600 0.2575 0.2583 0.2958 0.2702 0.2438 0.2779 0.2916 0.3052 0.2396 0.3043 0.2489 0.2984 0.3026 0.2336 0.2540 0.2310 0.2847 0.2907 0.2873 0.2762 0.2498 0.2464 0.2566 0.2899 0.2685 0.2745 0.2651 0.2711 0.3086 0.2907 0.2617 0.2779 0.2498 0.2685 0.2762 0.2566 0.2668 0.2506 0.2950 0.2924 0.2592 0.2617 0.3043 0.2856 0.2430 0.3043 0.3214 0.2506 0.2540 0.2796 0.3052 0.2634 0.2660 0.2694 0.2575 0.2933 0.3043 0.2575
nmur1_human.pdb 0.2413 0.2762 0.2677 0.3333 0.3384 0.3078 0.3103 0.2413 0.2822 0.3171 0.2916 0.3154 0.3086 1.0000 0.2992 0.3112 0.2651 0.2626 0.2523 0.3061 0.2813 0.2438 0.2916 0.3069 0.2975 0.2413 0.3001 0.2455 0.3137 0.3163 0.2344 0.2592 0.2319 0.2958 0.2856 0.2924 0.2745 0.2464 0.2413 0.2685 0.2822 0.2745 0.2771 0.2754 0.2754 0.3069 0.2899 0.2685 0.2702 0.2498 0.2660 0.2882 0.2549 0.2805 0.2455 0.3026 0.3129 0.2651 0.2762 0.3095 0.2975 0.2455 0.3086 0.3197 0.2515 0.2523 0.2890 0.2864 0.2677 0.2720 0.2728 0.2720 0.3052 0.3043 0.2600
npy2r_human.pdb 0.2336 0.2643 0.2660 0.3129 0.2992 0.3103 0.3018 0.2353 0.2660 0.2992 0.2907 0.2864 0.3026 0.2992 1.0000 0.2933 0.2626 0.2617 0.2617 0.3026 0.2694 0.2361 0.2737 0.2984 0.2924 0.2455 0.3018 0.2566 0.2941 0.2933 0.2319 0.2583 0.2310 0.2754 0.2967 0.2924 0.2788 0.2379 0.2523 0.2575 0.2950 0.2609 0.2728 0.2702 0.2668 0.3061 0.2873 0.2626 0.2762 0.2575 0.2626 0.2796 0.2549 0.2685 0.2515 0.2907 0.2856 0.2720 0.2677 0.3146 0.2805 0.2421 0.3069 0.3154 0.2575 0.2634 0.2762 0.2882 0.2702 0.2600 0.2643 0.2694 0.2941 0.2967 0.2694
oprm_human.pdb 0.2379 0.2702 0.2685 0.3103 0.3078 0.3112 0.3018 0.2370 0.2677 0.2950 0.2856 0.2830 0.2992 0.3112 0.2933 1.0000 0.2643 0.2575 0.2532 0.3001 0.2771 0.2404 0.2754 0.2941 0.2864 0.2387 0.2864 0.2506 0.3052 0.3052 0.2319 0.2566 0.2302 0.2856 0.2882 0.2958 0.2754 0.2472 0.2481 0.2532 0.2796 0.2660 0.2771 0.2685 0.2745 0.2916 0.2779 0.2600 0.2702 0.2464 0.2583 0.2873 0.2489 0.2796 0.2523 0.3043 0.2984 0.2694 0.2788 0.2890 0.2924 0.2396 0.3001 0.3086 0.2549 0.2566 0.2822 0.2890 0.2626 0.2651 0.2720 0.2720 0.3146 0.2933 0.2634
npsr1_human.pdb 0.2387 0.2882 0.2506 0.2754 0.2626 0.2737 0.2668 0.2421 0.3035 0.2694 0.2523 0.2532 0.2600 0.2651 0.2626 0.2643 1.0000 0.2711 0.2694 0.2592 0.2890 0.2421 0.2890 0.2677 0.2430 0.2506 0.2575 0.2771 0.2600 0.2609 0.2370 0.2626 0.2353 0.2430 0.2583 0.2634 0.2455 0.2447 0.2660 0.2788 0.2626 0.2694 0.2864 0.3052 0.2370 0.2634 0.2592 0.2745 0.2498 0.2532 0.2711 0.2847 0.2396 0.2634 0.2600 0.2583 0.2506 0.2984 0.2438 0.2617 0.2481 0.2481 0.2660 0.2685 0.2711 0.2839 0.2899 0.2532 0.2882 0.2702 0.2771 0.2643 0.2626 0.2609 0.2762
npy4r_human.pdb 0.2370 0.2788 0.2438 0.2685 0.2634 0.2643 0.2677 0.2353 0.2771 0.2634 0.2575 0.2540 0.2575 0.2626 0.2617 0.2575 0.2711 1.0000 0.2745 0.2583 0.2975 0.2396 0.2830 0.2617 0.2481 0.2856 0.2600 0.2575 0.2592 0.2558 0.2293 0.3001 0.2327 0.2472 0.2523 0.2515 0.2472 0.2438 0.2651 0.2737 0.2558 0.2634 0.3001 0.2779 0.2455 0.2609 0.2498 0.2583 0.2421 0.2839 0.2822 0.3009 0.2293 0.2745 0.2702 0.2617 0.2430 0.2745 0.2447 0.2575 0.2523 0.2873 0.2609 0.2694 0.2899 0.2600 0.2805 0.2523 0.2899 0.2762 0.2856 0.2720 0.2540 0.2626 0.2882
mchr1_human.pdb 0.2310 0.2694 0.2464 0.2668 0.2540 0.2660 0.2575 0.2327 0.2685 0.2558 0.2515 0.2489 0.2583 0.2523 0.2617 0.2532 0.2694 0.2745 1.0000 0.2583 0.2984 0.2336 0.2805 0.2558 0.2421 0.2592 0.2549 0.2617 0.2532 0.2515 0.2285 0.2771 0.2327 0.2413 0.2540 0.2540 0.2498 0.2464 0.2643 0.2643 0.2566 0.2600 0.2847 0.2779 0.2413 0.2617 0.2549 0.2600 0.2489 0.2600 0.2907 0.2864 0.2336 0.2617 0.2685 0.2558 0.2396 0.2711 0.2438 0.2583 0.2464 0.2558 0.2617 0.2600 0.2779 0.2626 0.2754 0.2523 0.2856 0.2685 0.2668 0.2626 0.2498 0.2566 0.2856
oprk_human.pdb 0.2370 0.2617 0.2660 0.3240 0.3078 0.3035 0.3018 0.2387 0.2592 0.2950 0.2882 0.2933 0.2958 0.3061 0.3026 0.3001 0.2592 0.2583 0.2583 1.0000 0.2634 0.2396 0.2668 0.2941 0.2830 0.2472 0.2916 0.2506 0.3043 0.2941 0.2344 0.2583 0.2336 0.2805 0.2890 0.2916 0.2805 0.2370 0.2498 0.2549 0.2847 0.2609 0.2702 0.2643 0.2728 0.2924 0.2873 0.2600 0.2728 0.2558 0.2583 0.2711 0.2515 0.2660 0.2489 0.2967 0.2864 0.2668 0.2711 0.2984 0.2856 0.2438 0.2975 0.3026 0.2540 0.2575 0.2685 0.2864 0.2660 0.2617 0.2643 0.2694 0.2950 0.2967 0.2634
rl3r1_human.pdb 0.2404 0.3078 0.2498 0.2779 0.2737 0.2975 0.2771 0.2387 0.3137 0.2830 0.2677 0.2592 0.2702 0.2813 0.2694 0.2771 0.2890 0.2975 0.2984 0.2634 1.0000 0.2430 0.3197 0.2634 0.2651 0.2737 0.2720 0.2720 0.2617 0.2737 0.2319 0.2958 0.2361 0.2634 0.2592 0.2558 0.2515 0.2711 0.2762 0.2839 0.2779 0.2864 0.3291 0.2941 0.2506 0.2830 0.2575 0.2890 0.2506 0.2737 0.3171 0.3640 0.2404 0.3308 0.2805 0.2822 0.2634 0.2856 0.2720 0.2651 0.2745 0.2762 0.2984 0.3001 0.2924 0.2702 0.3163 0.2626 0.3086 0.3061 0.2975 0.3112 0.2660 0.2702 0.2967
mc4r_human.pdb 0.2762 0.2472 0.2353 0.2464 0.2472 0.2464 0.2489 0.2728 0.2447 0.2447 0.2379 0.2472 0.2438 0.2438 0.2361 0.2404 0.2421 0.2396 0.2336 0.2396 0.2430 1.0000 0.2549 0.2396 0.2361 0.2379 0.2421 0.2387 0.2404 0.2455 0.2685 0.2455 0.2523 0.2464 0.2344 0.2379 0.2344 0.2336 0.2413 0.2464 0.2396 0.2515 0.2566 0.2447 0.2361 0.2379 0.2387 0.2472 0.2379 0.2387 0.2353 0.2489 0.2199 0.2737 0.2464 0.2379 0.2404 0.2455 0.2225 0.2361 0.2327 0.2430 0.2413 0.2438 0.2387 0.2421 0.2489 0.2353 0.2498 0.2481 0.2600 0.2711 0.2370 0.2489 0.2421
qrfpr_human.pdb 0.2523 0.3376 0.2600 0.2805 0.2924 0.2771 0.2771 0.2540 0.3248 0.2771 0.2668 0.2643 0.2779 0.2916 0.2737 0.2754 0.2890 0.2830 0.2805 0.2668 0.3197 0.2549 1.0000 0.2796 0.2711 0.2668 0.2796 0.2805 0.2754 0.2933 0.2472 0.2916 0.2438 0.2685 0.2626 0.2694 0.2523 0.2779 0.2634 0.2864 0.2643 0.3078 0.3274 0.3188 0.2498 0.2907 0.2609 0.3009 0.2592 0.2702 0.2916 0.3223 0.2455 0.3061 0.2720 0.2668 0.2745 0.2975 0.2506 0.2745 0.2626 0.2728 0.2779 0.2933 0.2771 0.2856 0.3367 0.2660 0.3043 0.3291 0.3026 0.2950 0.2711 0.2754 0.2882
npy1r_human.pdb 0.2370 0.2720 0.2745 0.3103 0.3154 0.3026 0.2967 0.2396 0.2634 0.2916 0.2813 0.2882 0.2916 0.3069 0.2984 0.2941 0.2677 0.2617 0.2558 0.2941 0.2634 0.2396 0.2796 1.0000 0.2771 0.2489 0.2890 0.2549 0.3026 0.3103 0.2353 0.2617 0.2327 0.2813 0.2907 0.3043 0.2762 0.2370 0.2472 0.2592 0.2941 0.2634 0.2762 0.2796 0.2685 0.2933 0.2779 0.2643 0.2685 0.2583 0.2540 0.2754 0.2489 0.2626 0.2464 0.2890 0.2856 0.2737 0.2643 0.2984 0.2788 0.2455 0.3009 0.2992 0.2583 0.2609 0.2822 0.2813 0.2711 0.2592 0.2711 0.2660 0.3035 0.2950 0.2660
galr2_human.pdb 0.2336 0.2651 0.2472 0.2924 0.3035 0.2967 0.3018 0.2319 0.2694 0.2984 0.2950 0.2847 0.3052 0.2975 0.2924 0.2864 0.2430 0.2481 0.2421 0.2830 0.2651 0.2361 0.2711 0.2771 1.0000 0.2361 0.3146 0.2447 0.2907 0.3001 0.2251 0.2464 0.2251 0.2941 0.2805 0.2762 0.2677 0.2379 0.2361 0.2344 0.2745 0.2523 0.2600 0.2523 0.2643 0.3120 0.2779 0.2438 0.2583 0.2430 0.2558 0.2702 0.2413 0.2643 0.2404 0.2805 0.2941 0.2523 0.2404 0.2958 0.2677 0.2370 0.2864 0.3248 0.2379 0.2506 0.2754 0.2916 0.2489 0.2566 0.2575 0.2506 0.2822 0.2967 0.2455
fpr1_human.pdb 0.2353 0.2609 0.2327 0.2523 0.2515 0.2498 0.2532 0.2361 0.2558 0.2481 0.2464 0.2472 0.2396 0.2413 0.2455 0.2387 0.2506 0.2856 0.2592 0.2472 0.2737 0.2379 0.2668 0.2489 0.2361 1.0000 0.2472 0.2609 0.2472 0.2421 0.2327 0.2873 0.2361 0.2421 0.2387 0.2413 0.2455 0.2379 0.2609 0.2617 0.2430 0.2498 0.2864 0.2609 0.2387 0.2455 0.2438 0.2464 0.2344 0.2916 0.2583 0.2745 0.2208 0.2575 0.2609 0.2430 0.2344 0.2634 0.2310 0.2455 0.2353 0.2941 0.2464 0.2464 0.2754 0.2549 0.2643 0.2387 0.2771 0.2583 0.2745 0.2609 0.2370 0.2523 0.2694
nk1r_human.pdb 0.2396 0.2737 0.2575 0.3018 0.3078 0.3061 0.3061 0.2396 0.2762 0.3026 0.2975 0.2899 0.3043 0.3001 0.3018 0.2864 0.2575 0.2600 0.2549 0.2916 0.2720 0.2421 0.2796 0.2890 0.3146 0.2472 1.0000 0.2583 0.2950 0.3069 0.2327 0.2558 0.2319 0.2941 0.2967 0.2830 0.2720 0.2413 0.2481 0.2506 0.3001 0.2617 0.2711 0.2668 0.2745 0.3095 0.2864 0.2558 0.2677 0.2549 0.2609 0.2771 0.2489 0.2651 0.2515 0.2830 0.2924 0.2651 0.2489 0.3018 0.2702 0.2472 0.3061 0.3436 0.2489 0.2626 0.2822 0.2873 0.2643 0.2643 0.2609 0.2575 0.2890 0.3001 0.2575
fpr2_human.pdb 0.2353 0.2813 0.2379 0.2549 0.2549 0.2592 0.2566 0.2379 0.2856 0.2515 0.2532 0.2455 0.2489 0.2455 0.2566 0.2506 0.2771 0.2575 0.2617 0.2506 0.2720 0.2387 0.2805 0.2549 0.2447 0.2609 0.2583 1.0000 0.2515 0.2540 0.2327 0.2583 0.2344 0.2430 0.2455 0.2540 0.2455 0.2430 0.2609 0.2592 0.2506 0.2575 0.2754 0.2847 0.2370 0.2566 0.2489 0.2549 0.2413 0.2643 0.2549 0.2651 0.2310 0.2472 0.2592 0.2421 0.2455 0.2916 0.2276 0.2523 0.2327 0.2583 0.2532 0.2583 0.2600 0.2873 0.2822 0.2464 0.2745 0.2583 0.2677 0.2481 0.2498 0.2566 0.2643
ur2r_human.pdb 0.2379 0.2702 0.2617 0.3146 0.3240 0.3001 0.2984 0.2396 0.2643 0.2941 0.2873 0.2967 0.2984 0.3137 0.2941 0.3052 0.2600 0.2592 0.2532 0.3043 0.2617 0.2404 0.2754 0.3026 0.2907 0.2472 0.2950 0.2515 1.0000 0.3095 0.2327 0.2592 0.2319 0.2882 0.2856 0.2984 0.2762 0.2370 0.2472 0.2489 0.2779 0.2575 0.2720 0.2702 0.2702 0.2950 0.2796 0.2532 0.2668 0.2523 0.2575 0.2702 0.2438 0.2651 0.2498 0.2958 0.2907 0.2668 0.2609 0.2958 0.2839 0.2464 0.2916 0.3052 0.2498 0.2583 0.2745 0.2882 0.2643 0.2583 0.2626 0.2651 0.3043 0.2967 0.2609
nk2r_human.pdb 0.2430 0.2882 0.2720 0.3069 0.3282 0.2992 0.3043 0.2421 0.2805 0.3001 0.2933 0.2899 0.3026 0.3163 0.2933 0.3052 0.2609 0.2558 0.2515 0.2941 0.2737 0.2455 0.2933 0.3103 0.3001 0.2421 0.3069 0.2540 0.3095 1.0000 0.2353 0.2558 0.2327 0.3052 0.2830 0.3001 0.2720 0.2523 0.2464 0.2532 0.2822 0.2720 0.2813 0.2745 0.2702 0.3052 0.2788 0.2651 0.2668 0.2506 0.2617 0.2839 0.2481 0.2745 0.2506 0.2890 0.3052 0.2668 0.2523 0.2967 0.2796 0.2430 0.2967 0.3163 0.2472 0.2600 0.2924 0.2907 0.2668 0.2737 0.2711 0.2634 0.3061 0.3026 0.2592
mshr_human.pdb 0.2677 0.2361 0.2327 0.2421 0.2370 0.2413 0.2387 0.2677 0.2336 0.2344 0.2268 0.2396 0.2336 0.2344 0.2319 0.2319 0.2370 0.2293 0.2285 0.2344 0.2319 0.2685 0.2472 0.2353 0.2251 0.2327 0.2327 0.2327 0.2327 0.2353 1.0000 0.2353 0.2489 0.2361 0.2319 0.2327 0.2302 0.2259 0.2361 0.2447 0.2344 0.2447 0.2455 0.2396 0.2259 0.2327 0.2344 0.2464 0.2353 0.2336 0.2259 0.2379 0.2191 0.2600 0.2361 0.2276 0.2319 0.2396 0.2208 0.2344 0.2242 0.2336 0.2361 0.2327 0.2344 0.2361 0.2387 0.2259 0.2438 0.2396 0.2489 0.2634 0.2293 0.2387 0.2370
rl3r2_human.pdb 0.2430 0.2856 0.2455 0.2668 0.2651 0.2643 0.2668 0.2413 0.2702 0.2609 0.2583 0.2532 0.2540 0.2592 0.2583 0.2566 0.2626 0.3001 0.2771 0.2583 0.2958 0.2455 0.2916 0.2617 0.2464 0.2873 0.2558 0.2583 0.2592 0.2558 0.2353 1.0000 0.2387 0.2498 0.2515 0.2515 0.2481 0.2489 0.2617 0.2685 0.2566 0.2668 0.3026 0.2805 0.2464 0.2566 0.2489 0.2575 0.2430 0.2813 0.2805 0.3018 0.2285 0.2796 0.2737 0.2609 0.2421 0.2754 0.2438 0.2540 0.2515 0.2899 0.2600 0.2634 0.2950 0.2609 0.2890 0.2515 0.2933 0.2822 0.2805 0.2779 0.2523 0.2634 0.2899
acthr_human.pdb 0.2498 0.2344 0.2319 0.2396 0.2344 0.2387 0.2361 0.2532 0.2319 0.2319 0.2276 0.2370 0.2310 0.2319 0.2310 0.2302 0.2353 0.2327 0.2327 0.2336 0.2361 0.2523 0.2438 0.2327 0.2251 0.2361 0.2319 0.2344 0.2319 0.2327 0.2489 0.2387 1.0000 0.2353 0.2310 0.2319 0.2302 0.2285 0.2396 0.2404 0.2344 0.2421 0.2430 0.2379 0.2285 0.2293 0.2319 0.2421 0.2344 0.2370 0.2285 0.2413 0.2165 0.2455 0.2396 0.2276 0.2276 0.2413 0.2217 0.2293 0.2251 0.2370 0.2353 0.2319 0.2370 0.2379 0.2387 0.2259 0.2430 0.2387 0.2464 0.2489 0.2276 0.2361 0.2404
galr3_human.pdb 0.2438 0.2660 0.2583 0.2924 0.3052 0.2813 0.2941 0.2430 0.2626 0.2890 0.2813 0.2933 0.2847 0.2958 0.2754 0.2856 0.2430 0.2472 0.2413 0.2805 0.2634 0.2464 0.2685 0.2813 0.2941 0.2421 0.2941 0.2430 0.2882 0.3052 0.2361 0.2498 0.2353 1.0000 0.2668 0.2745 0.2634 0.2404 0.2438 0.2387 0.2677 0.2575 0.2677 0.2515 0.2685 0.2890 0.2685 0.2498 0.2532 0.2498 0.2506 0.2728 0.2370 0.2634 0.2489 0.2745 0.3001 0.2489 0.2387 0.2813 0.2626 0.2430 0.2762 0.2992 0.2396 0.2438 0.2745 0.2762 0.2532 0.2600 0.2668 0.2523 0.2813 0.2924 0.2489
oprd_human.pdb 0.2319 0.2506 0.2685 0.2992 0.2864 0.3018 0.2899 0.2353 0.2532 0.2847 0.2779 0.2711 0.2907 0.2856 0.2967 0.2882 0.2583 0.2523 0.2540 0.2890 0.2592 0.2344 0.2626 0.2907 0.2805 0.2387 0.2967 0.2455 0.2856 0.2830 0.2319 0.2515 0.2310 0.2668 1.0000 0.2890 0.2779 0.2353 0.2455 0.2515 0.2984 0.2583 0.2660 0.2600 0.2634 0.2941 0.2771 0.2592 0.2796 0.2464 0.2515 0.2668 0.2515 0.2617 0.2447 0.2890 0.2702 0.2617 0.2626 0.2916 0.2779 0.2353 0.3061 0.3120 0.2515 0.2523 0.2634 0.2873 0.2609 0.2566 0.2609 0.2626 0.2882 0.2873 0.2609
ssr2_human.pdb 0.2353 0.2634 0.2720 0.3009 0.2992 0.2958 0.2890 0.2370 0.2592 0.2847 0.2805 0.2754 0.2873 0.2924 0.2924 0.2958 0.2634 0.2515 0.2540 0.2916 0.2558 0.2379 0.2694 0.3043 0.2762 0.2413 0.2830 0.2540 0.2984 0.3001 0.2327 0.2515 0.2319 0.2745 0.2890 1.0000 0.2754 0.2361 0.2472 0.2523 0.2847 0.2583 0.2668 0.2711 0.2600 0.2916 0.2788 0.2575 0.2702 0.2489 0.2489 0.2634 0.2481 0.2600 0.2464 0.2847 0.2788 0.2694 0.2575 0.2907 0.2754 0.2379 0.2958 0.2958 0.2523 0.2600 0.2694 0.2856 0.2617 0.2540 0.2626 0.2634 0.3103 0.2907 0.2592
bkrb1_human.pdb 0.2319 0.2421 0.2506 0.2882 0.2805 0.2856 0.2813 0.2336 0.2464 0.2728 0.2728 0.2720 0.2762 0.2745 0.2788 0.2754 0.2455 0.2472 0.2498 0.2805 0.2515 0.2344 0.2523 0.2762 0.2677 0.2455 0.2720 0.2455 0.2762 0.2720 0.2302 0.2481 0.2302 0.2634 0.2779 0.2754 1.0000 0.2344 0.2498 0.2481 0.2685 0.2498 0.2566 0.2506 0.2788 0.2771 0.2685 0.2498 0.2600 0.2532 0.2464 0.2583 0.2447 0.2464 0.2489 0.2916 0.2668 0.2523 0.2643 0.2771 0.2796 0.2421 0.2805 0.2796 0.2489 0.2472 0.2540 0.2711 0.2515 0.2438 0.2566 0.2498 0.2711 0.2805 0.2532
c5ar2_human.pdb 0.2310 0.2677 0.2379 0.2413 0.2481 0.2498 0.2455 0.2310 0.2651 0.2404 0.2421 0.2310 0.2498 0.2464 0.2379 0.2472 0.2447 0.2438 0.2464 0.2370 0.2711 0.2336 0.2779 0.2370 0.2379 0.2379 0.2413 0.2430 0.2370 0.2523 0.2259 0.2489 0.2285 0.2404 0.2353 0.2361 0.2344 1.0000 0.2430 0.2481 0.2379 0.2737 0.2694 0.2532 0.2344 0.2464 0.2319 0.2643 0.2370 0.2438 0.2506 0.2754 0.2217 0.2566 0.2481 0.2455 0.2361 0.2532 0.2353 0.2336 0.2447 0.2438 0.2489 0.2481 0.2438 0.2464 0.2856 0.2421 0.2498 0.2711 0.2609 0.2498 0.2361 0.2455 0.2481
mchr2_human.pdb 0.2379 0.2583 0.2413 0.2558 0.2472 0.2540 0.2532 0.2396 0.2634 0.2489 0.2455 0.2472 0.2464 0.2413 0.2523 0.2481 0.2660 0.2651 0.2643 0.2498 0.2762 0.2413 0.2634 0.2472 0.2361 0.2609 0.2481 0.2609 0.2472 0.2464 0.2361 0.2617 0.2396 0.2438 0.2455 0.2472 0.2498 0.2430 1.0000 0.2651 0.2455 0.2540 0.2737 0.2720 0.2430 0.2481 0.2498 0.2540 0.2413 0.2651 0.2651 0.2882 0.2319 0.2489 0.2830 0.2489 0.2404 0.2651 0.2379 0.2489 0.2396 0.2583 0.2506 0.2489 0.2685 0.2575 0.2617 0.2430 0.2728 0.2566 0.2668 0.2523 0.2447 0.2532 0.2805
npy5r_human.pdb 0.2430 0.2660 0.2532 0.2762 0.2558 0.2651 0.2575 0.2481 0.2899 0.2694 0.2472 0.2805 0.2566 0.2685 0.2575 0.2532 0.2788 0.2737 0.2643 0.2549 0.2839 0.2464 0.2864 0.2592 0.2344 0.2617 0.2506 0.2592 0.2489 0.2532 0.2447 0.2685 0.2404 0.2387 0.2515 0.2523 0.2481 0.2481 0.2651 1.0000 0.2549 0.2796 0.2984 0.3009 0.2413 0.2592 0.2600 0.2762 0.2515 0.2626 0.2805 0.2796 0.2430 0.2540 0.2600 0.2549 0.2558 0.2711 0.2506 0.2950 0.2515 0.2626 0.2634 0.2575 0.2754 0.2575 0.2711 0.2447 0.3350 0.2685 0.2933 0.2575 0.2498 0.2549 0.2711
bkrb2_human.pdb 0.2370 0.2532 0.2617 0.2958 0.2864 0.3188 0.2899 0.2387 0.2523 0.2916 0.2805 0.2728 0.2899 0.2822 0.2950 0.2796 0.2626 0.2558 0.2566 0.2847 0.2779 0.2396 0.2643 0.2941 0.2745 0.2430 0.3001 0.2506 0.2779 0.2822 0.2344 0.2566 0.2344 0.2677 0.2984 0.2847 0.2685 0.2379 0.2455 0.2549 1.0000 0.2609 0.2737 0.2651 0.2694 0.2890 0.2754 0.2668 0.2677 0.2532 0.2540 0.2839 0.2506 0.2728 0.2447 0.2950 0.2668 0.2677 0.2720 0.2890 0.2856 0.2404 0.3240 0.3214 0.2600 0.2575 0.2711 0.2822 0.2685 0.2549 0.2651 0.2737 0.2839 0.2856 0.2592
ghsr_human.pdb 0.2489 0.2873 0.2600 0.2702 0.2728 0.2720 0.2711 0.2506 0.2847 0.2660 0.2617 0.2540 0.2685 0.2745 0.2609 0.2660 0.2694 0.2634 0.2600 0.2609 0.2864 0.2515 0.3078 0.2634 0.2523 0.2498 0.2617 0.2575 0.2575 0.2720 0.2447 0.2668 0.2421 0.2575 0.2583 0.2583 0.2498 0.2737 0.2540 0.2796 0.2609 1.0000 0.2958 0.2754 0.2506 0.2660 0.2540 0.2984 0.2575 0.2549 0.2617 0.2890 0.2472 0.2771 0.2575 0.2651 0.2540 0.2745 0.2506 0.2566 0.2617 0.2549 0.2728 0.2720 0.2634 0.2617 0.2941 0.2575 0.2779 0.2950 0.2907 0.2711 0.2600 0.2685 0.2660
ox2r_human.pdb 0.2532 0.3171 0.2609 0.2839 0.2788 0.2856 0.2882 0.2532 0.3026 0.2839 0.2745 0.2651 0.2745 0.2771 0.2728 0.2771 0.2864 0.3001 0.2847 0.2702 0.3291 0.2566 0.3274 0.2762 0.2600 0.2864 0.2711 0.2754 0.2720 0.2813 0.2455 0.3026 0.2430 0.2677 0.2660 0.2668 0.2566 0.2694 0.2737 0.2984 0.2737 0.2958 1.0000 0.3043 0.2566 0.2771 0.2600 0.2950 0.2575 0.2924 0.2941 0.3367 0.2464 0.3223 0.2830 0.2788 0.2634 0.2933 0.2583 0.2702 0.2685 0.2890 0.2813 0.2890 0.2958 0.2745 0.3257 0.2694 0.3367 0.3171 0.3376 0.3154 0.2694 0.2813 0.3026
ox1r_human.pdb 0.2413 0.3223 0.2566 0.2882 0.2737 0.2762 0.2694 0.2447 0.3214 0.2745 0.2575 0.2651 0.2651 0.2754 0.2702 0.2685 0.3052 0.2779 0.2779 0.2643 0.2941 0.2447 0.3188 0.2796 0.2523 0.2609 0.2668 0.2847 0.2702 0.2745 0.2396 0.2805 0.2379 0.2515 0.2600 0.2711 0.2506 0.2532 0.2720 0.3009 0.2651 0.2754 0.3043 1.0000 0.2413 0.2754 0.2677 0.2745 0.2523 0.2660 0.2958 0.3001 0.2447 0.2737 0.2737 0.2600 0.2626 0.3018 0.2447 0.2779 0.2498 0.2583 0.2685 0.2745 0.2796 0.2890 0.3171 0.2600 0.3035 0.2890 0.2830 0.2771 0.2728 0.2660 0.2890
agtr1_human.pdb 0.2336 0.2404 0.2404 0.2796 0.2847 0.2737 0.2779 0.2319 0.2447 0.2694 0.2745 0.2771 0.2711 0.2754 0.2668 0.2745 0.2370 0.2455 0.2413 0.2728 0.2506 0.2361 0.2498 0.2685 0.2643 0.2387 0.2745 0.2370 0.2702 0.2702 0.2259 0.2464 0.2285 0.2685 0.2634 0.2600 0.2788 0.2344 0.2430 0.2413 0.2694 0.2506 0.2566 0.2413 1.0000 0.2617 0.2549 0.2404 0.2447 0.2532 0.2455 0.2617 0.2353 0.2387 0.2481 0.2899 0.2694 0.2438 0.2609 0.2626 0.2805 0.2396 0.2694 0.2762 0.2421 0.2387 0.2566 0.2617 0.2430 0.2413 0.2626 0.2344 0.2617 0.2771 0.2455
kissr_human.pdb 0.2353 0.2788 0.2634 0.3095 0.3052 0.3052 0.2984 0.2361 0.2847 0.2992 0.2907 0.2856 0.3086 0.3069 0.3061 0.2916 0.2634 0.2609 0.2617 0.2924 0.2830 0.2379 0.2907 0.2933 0.3120 0.2455 0.3095 0.2566 0.2950 0.3052 0.2327 0.2566 0.2293 0.2890 0.2941 0.2916 0.2771 0.2464 0.2481 0.2592 0.2890 0.2660 0.2771 0.2754 0.2617 1.0000 0.2864 0.2634 0.2728 0.2515 0.2720 0.2839 0.2515 0.2771 0.2481 0.2899 0.2958 0.2677 0.2566 0.3129 0.2771 0.2430 0.3061 0.3274 0.2540 0.2626 0.2890 0.3026 0.2702 0.2702 0.2643 0.2677 0.2873 0.3001 0.2634
v2r_human.pdb 0.2361 0.2532 0.2549 0.3035 0.2864 0.2958 0.3009 0.2387 0.2617 0.3137 0.2890 0.2873 0.2907 0.2899 0.2873 0.2779 0.2592 0.2498 0.2549 0.2873 0.2575 0.2387 0.2609 0.2779 0.2779 0.2438 0.2864 0.2489 0.2796 0.2788 0.2344 0.2489 0.2319 0.2685 0.2771 0.2788 0.2685 0.2319 0.2498 0.2600 0.2754 0.2540 0.2600 0.2677 0.2549 0.2864 1.0000 0.2515 0.2651 0.2506 0.2575 0.2609 0.2600 0.2558 0.2489 0.2711 0.2822 0.2558 0.2506 0.3001 0.2600 0.2404 0.2847 0.2907 0.2489 0.2532 0.2583 0.2762 0.2609 0.2489 0.2566 0.2566 0.2813 0.2958 0.2549
prlhr_human.pdb 0.2447 0.2822 0.2600 0.2711 0.2643 0.2788 0.2651 0.2498 0.2771 0.2668 0.2515 0.2489 0.2617 0.2685 0.2626 0.2600 0.2745 0.2583 0.2600 0.2600 0.2890 0.2472 0.3009 0.2643 0.2438 0.2464 0.2558 0.2549 0.2532 0.2651 0.2464 0.2575 0.2421 0.2498 0.2592 0.2575 0.2498 0.2643 0.2540 0.2762 0.2668 0.2984 0.2950 0.2745 0.2404 0.2634 0.2515 1.0000 0.2575 0.2523 0.2549 0.2916 0.2498 0.2856 0.2515 0.2685 0.2455 0.2762 0.2609 0.2566 0.2651 0.2464 0.2805 0.2754 0.2660 0.2592 0.2864 0.2523 0.2822 0.2907 0.2839 0.2864 0.2575 0.2592 0.2694
npbw2_human.pdb 0.2353 0.2438 0.2660 0.2788 0.2685 0.2813 0.2711 0.2387 0.2472 0.2651 0.2600 0.2626 0.2779 0.2702 0.2762 0.2702 0.2498 0.2421 0.2489 0.2728 0.2506 0.2379 0.2592 0.2685 0.2583 0.2344 0.2677 0.2413 0.2668 0.2668 0.2353 0.2430 0.2344 0.2532 0.2796 0.2702 0.2600 0.2370 0.2413 0.2515 0.2677 0.2575 0.2575 0.2523 0.2447 0.2728 0.2651 0.2575 1.0000 0.2430 0.2464 0.2575 0.2506 0.2549 0.2404 0.2685 0.2558 0.2532 0.2592 0.2745 0.2626 0.2344 0.2822 0.2779 0.2430 0.2481 0.2566 0.2685 0.2523 0.2523 0.2540 0.2558 0.2668 0.2711 0.2515
c3ar_human.pdb 0.2361 0.2634 0.2404 0.2609 0.2600 0.2600 0.2626 0.2370 0.2575 0.2549 0.2575 0.2583 0.2498 0.2498 0.2575 0.2464 0.2532 0.2839 0.2600 0.2558 0.2737 0.2387 0.2702 0.2583 0.2430 0.2916 0.2549 0.2643 0.2523 0.2506 0.2336 0.2813 0.2370 0.2498 0.2464 0.2489 0.2532 0.2438 0.2651 0.2626 0.2532 0.2549 0.2924 0.2660 0.2532 0.2515 0.2506 0.2523 0.2430 1.0000 0.2592 0.2873 0.2327 0.2617 0.2660 0.2523 0.2455 0.2651 0.2447 0.2558 0.2438 0.2882 0.2583 0.2532 0.2745 0.2566 0.2762 0.2447 0.2762 0.2609 0.2847 0.2651 0.2447 0.2626 0.2728
oxyr_human.pdb 0.2344 0.2796 0.2404 0.2711 0.2634 0.2643 0.2660 0.2310 0.2992 0.2702 0.2617 0.2583 0.2685 0.2660 0.2626 0.2583 0.2711 0.2822 0.2907 0.2583 0.3171 0.2353 0.2916 0.2540 0.2558 0.2583 0.2609 0.2549 0.2575 0.2617 0.2259 0.2805 0.2285 0.2506 0.2515 0.2489 0.2464 0.2506 0.2651 0.2805 0.2540 0.2617 0.2941 0.2958 0.2455 0.2720 0.2575 0.2549 0.2464 0.2592 1.0000 0.3035 0.2293 0.2720 0.2702 0.2626 0.2515 0.2660 0.2404 0.2660 0.2523 0.2592 0.2617 0.2711 0.2720 0.2583 0.2873 0.2617 0.2847 0.2796 0.2720 0.2626 0.2489 0.2651 0.2813
npff2_human.pdb 0.2455 0.3129 0.2583 0.2822 0.2847 0.3035 0.2856 0.2438 0.3086 0.2856 0.2728 0.2660 0.2762 0.2882 0.2796 0.2873 0.2847 0.3009 0.2864 0.2711 0.3640 0.2489 0.3223 0.2754 0.2702 0.2745 0.2771 0.2651 0.2702 0.2839 0.2379 0.3018 0.2413 0.2728 0.2668 0.2634 0.2583 0.2754 0.2882 0.2796 0.2839 0.2890 0.3367 0.3001 0.2617 0.2839 0.2609 0.2916 0.2575 0.2873 0.3035 1.0000 0.2515 0.3828 0.2941 0.2899 0.2737 0.2933 0.2890 0.2728 0.2822 0.2771 0.3078 0.3061 0.2975 0.2685 0.3282 0.2660 0.3129 0.3137 0.3052 0.3777 0.2754 0.2796 0.3129
gnrhr_human.pdb 0.2174 0.2361 0.2430 0.2643 0.2515 0.2660 0.2677 0.2217 0.2396 0.2685 0.2617 0.2489 0.2566 0.2549 0.2549 0.2489 0.2396 0.2293 0.2336 0.2515 0.2404 0.2199 0.2455 0.2489 0.2413 0.2208 0.2489 0.2310 0.2438 0.2481 0.2191 0.2285 0.2165 0.2370 0.2515 0.2481 0.2447 0.2217 0.2319 0.2430 0.2506 0.2472 0.2464 0.2447 0.2353 0.2515 0.2600 0.2498 0.2506 0.2327 0.2293 0.2515 1.0000 0.2379 0.2327 0.2506 0.2464 0.2379 0.2481 0.2575 0.2464 0.2208 0.2660 0.2583 0.2327 0.2336 0.2438 0.2430 0.2413 0.2344 0.2387 0.2387 0.2447 0.2668 0.2370
rxfp1_human.pdb 0.2677 0.2992 0.2489 0.2745 0.2762 0.2984 0.2779 0.2651 0.2856 0.2796 0.2609 0.2549 0.2668 0.2805 0.2685 0.2796 0.2634 0.2745 0.2617 0.2660 0.3308 0.2737 0.3061 0.2626 0.2643 0.2575 0.2651 0.2472 0.2651 0.2745 0.2600 0.2796 0.2455 0.2634 0.2617 0.2600 0.2464 0.2566 0.2489 0.2540 0.2728 0.2771 0.3223 0.2737 0.2387 0.2771 0.2558 0.2856 0.2549 0.2617 0.2720 0.3828 0.2379 1.0000 0.2575 0.2779 0.2634 0.3052 0.2728 0.2626 0.2711 0.2600 0.3137 0.3163 0.2660 0.2566 0.3035 0.2626 0.2899 0.3001 0.2958 0.6240 0.2737 0.2720 0.2779
galr1_human.pdb 0.2430 0.2685 0.2404 0.2566 0.2515 0.2540 0.2583 0.2421 0.2634 0.2532 0.2515 0.2506 0.2506 0.2455 0.2515 0.2523 0.2600 0.2702 0.2685 0.2489 0.2805 0.2464 0.2720 0.2464 0.2404 0.2609 0.2515 0.2592 0.2498 0.2506 0.2361 0.2737 0.2396 0.2489 0.2447 0.2464 0.2489 0.2481 0.2830 0.2600 0.2447 0.2575 0.2830 0.2737 0.2481 0.2481 0.2489 0.2515 0.2404 0.2660 0.2702 0.2941 0.2327 0.2575 1.0000 0.2540 0.2455 0.2643 0.2387 0.2481 0.2447 0.2626 0.2498 0.2532 0.2728 0.2566 0.2694 0.2455 0.2771 0.2651 0.2720 0.2558 0.2472 0.2583 0.2839
par2_human.pdb 0.2353 0.2575 0.2617 0.3069 0.3026 0.3146 0.2992 0.2336 0.2558 0.2967 0.2830 0.2839 0.2950 0.3026 0.2907 0.3043 0.2583 0.2617 0.2558 0.2967 0.2822 0.2379 0.2668 0.2890 0.2805 0.2430 0.2830 0.2421 0.2958 0.2890 0.2276 0.2609 0.2276 0.2745 0.2890 0.2847 0.2916 0.2455 0.2489 0.2549 0.2950 0.2651 0.2788 0.2600 0.2899 0.2899 0.2711 0.2685 0.2685 0.2523 0.2626 0.2899 0.2506 0.2779 0.2540 1.0000 0.2771 0.2643 0.2975 0.2847 0.3257 0.2438 0.3069 0.3163 0.2609 0.2489 0.2711 0.2890 0.2651 0.2617 0.2728 0.2737 0.2907 0.2924 0.2634
trfr_human.pdb 0.2379 0.2694 0.2506 0.3035 0.3103 0.2873 0.3001 0.2370 0.2745 0.3078 0.2847 0.3095 0.2924 0.3129 0.2856 0.2984 0.2506 0.2430 0.2396 0.2864 0.2634 0.2404 0.2745 0.2856 0.2941 0.2344 0.2924 0.2455 0.2907 0.3052 0.2319 0.2421 0.2276 0.3001 0.2702 0.2788 0.2668 0.2361 0.2404 0.2558 0.2668 0.2540 0.2634 0.2626 0.2694 0.2958 0.2822 0.2455 0.2558 0.2455 0.2515 0.2737 0.2464 0.2634 0.2455 0.2771 1.0000 0.2498 0.2438 0.3052 0.2651 0.2353 0.2805 0.3026 0.2344 0.2447 0.2805 0.2754 0.2600 0.2549 0.2634 0.2523 0.2873 0.2958 0.2464
par1_human.pdb 0.2421 0.2958 0.2549 0.2745 0.2685 0.2762 0.2694 0.2447 0.2975 0.2651 0.2575 0.2523 0.2592 0.2651 0.2720 0.2694 0.2984 0.2745 0.2711 0.2668 0.2856 0.2455 0.2975 0.2737 0.2523 0.2634 0.2651 0.2916 0.2668 0.2668 0.2396 0.2754 0.2413 0.2489 0.2617 0.2694 0.2523 0.2532 0.2651 0.2711 0.2677 0.2745 0.2933 0.3018 0.2438 0.2677 0.2558 0.2762 0.2532 0.2651 0.2660 0.2933 0.2379 0.3052 0.2643 0.2643 0.2498 1.0000 0.2498 0.2634 0.2549 0.2609 0.2702 0.2771 0.2779 0.2975 0.3001 0.2566 0.2916 0.2771 0.2813 0.3154 0.2685 0.2634 0.2830
par3_human.pdb 0.2199 0.2344 0.2532 0.2805 0.2660 0.2958 0.2643 0.2234 0.2336 0.2617 0.2506 0.2592 0.2617 0.2762 0.2677 0.2788 0.2438 0.2447 0.2438 0.2711 0.2720 0.2225 0.2506 0.2643 0.2404 0.2310 0.2489 0.2276 0.2609 0.2523 0.2208 0.2438 0.2217 0.2387 0.2626 0.2575 0.2643 0.2353 0.2379 0.2506 0.2720 0.2506 0.2583 0.2447 0.2609 0.2566 0.2506 0.2609 0.2592 0.2447 0.2404 0.2890 0.2481 0.2728 0.2387 0.2975 0.2438 0.2498 1.0000 0.2592 0.2967 0.2310 0.2992 0.2771 0.2498 0.2344 0.2523 0.2515 0.2498 0.2455 0.2506 0.2762 0.2677 0.2575 0.2523
cckar_human.pdb 0.2353 0.2626 0.2626 0.3223 0.3043 0.3078 0.3026 0.2361 0.2737 0.3163 0.2899 0.3223 0.3043 0.3095 0.3146 0.2890 0.2617 0.2575 0.2583 0.2984 0.2651 0.2361 0.2745 0.2984 0.2958 0.2455 0.3018 0.2523 0.2958 0.2967 0.2344 0.2540 0.2293 0.2813 0.2916 0.2907 0.2771 0.2336 0.2489 0.2950 0.2890 0.2566 0.2702 0.2779 0.2626 0.3129 0.3001 0.2566 0.2745 0.2558 0.2660 0.2728 0.2575 0.2626 0.2481 0.2847 0.3052 0.2634 0.2592 1.0000 0.2720 0.2421 0.3026 0.3129 0.2523 0.2600 0.2762 0.2890 0.2984 0.2523 0.2617 0.2634 0.2907 0.3009 0.2626
par4_human.pdb 0.2302 0.2472 0.2592 0.2950 0.2916 0.3035 0.2882 0.2302 0.2455 0.2856 0.2737 0.2720 0.2856 0.2975 0.2805 0.2924 0.2481 0.2523 0.2464 0.2856 0.2745 0.2327 0.2626 0.2788 0.2677 0.2353 0.2702 0.2327 0.2839 0.2796 0.2242 0.2515 0.2251 0.2626 0.2779 0.2754 0.2796 0.2447 0.2396 0.2515 0.2856 0.2617 0.2685 0.2498 0.2805 0.2771 0.2600 0.2651 0.2626 0.2438 0.2523 0.2822 0.2464 0.2711 0.2447 0.3257 0.2651 0.2549 0.2967 0.2720 1.0000 0.2387 0.3001 0.3035 0.2515 0.2396 0.2600 0.2771 0.2549 0.2575 0.2626 0.2668 0.2813 0.2813 0.2540
fpr3_human.pdb 0.2404 0.2626 0.2327 0.2489 0.2523 0.2472 0.2540 0.2387 0.2583 0.2489 0.2472 0.2464 0.2430 0.2455 0.2421 0.2396 0.2481 0.2873 0.2558 0.2438 0.2762 0.2430 0.2728 0.2455 0.2370 0.2941 0.2472 0.2583 0.2464 0.2430 0.2336 0.2899 0.2370 0.2430 0.2353 0.2379 0.2421 0.2438 0.2583 0.2626 0.2404 0.2549 0.2890 0.2583 0.2396 0.2430 0.2404 0.2464 0.2344 0.2882 0.2592 0.2771 0.2208 0.2600 0.2626 0.2438 0.2353 0.2609 0.2310 0.2421 0.2387 1.0000 0.2464 0.2472 0.2728 0.2523 0.2668 0.2379 0.2745 0.2634 0.2771 0.2592 0.2361 0.2532 0.2660
ednrb_human.pdb 0.2387 0.2617 0.2711 0.3112 0.3001 0.3393 0.3026 0.2404 0.2617 0.3035 0.2907 0.2830 0.3043 0.3086 0.3069 0.3001 0.2660 0.2609 0.2617 0.2975 0.2984 0.2413 0.2779 0.3009 0.2864 0.2464 0.3061 0.2532 0.2916 0.2967 0.2361 0.2600 0.2353 0.2762 0.3061 0.2958 0.2805 0.2489 0.2506 0.2634 0.3240 0.2728 0.2813 0.2685 0.2694 0.3061 0.2847 0.2805 0.2822 0.2583 0.2617 0.3078 0.2660 0.3137 0.2498 0.3069 0.2805 0.2702 0.2992 0.3026 0.3001 0.2464 1.0000 0.3495 0.2617 0.2575 0.2796 0.2916 0.2762 0.2694 0.2660 0.3146 0.3043 0.2984 0.2651
nk3r_human.pdb 0.2413 0.2856 0.2660 0.3163 0.3180 0.3342 0.3205 0.2396 0.2856 0.3231 0.3061 0.2924 0.3214 0.3197 0.3154 0.3086 0.2685 0.2694 0.2600 0.3026 0.3001 0.2438 0.2933 0.2992 0.3248 0.2464 0.3436 0.2583 0.3052 0.3163 0.2327 0.2634 0.2319 0.2992 0.3120 0.2958 0.2796 0.2481 0.2489 0.2575 0.3214 0.2720 0.2890 0.2745 0.2762 0.3274 0.2907 0.2754 0.2779 0.2532 0.2711 0.3061 0.2583 0.3163 0.2532 0.3163 0.3026 0.2771 0.2771 0.3129 0.3035 0.2472 0.3495 1.0000 0.2600 0.2651 0.2958 0.3043 0.2771 0.2796 0.2737 0.3026 0.3052 0.3086 0.2677
agtr2_human.pdb 0.2361 0.2737 0.2464 0.2634 0.2532 0.2677 0.2609 0.2370 0.2600 0.2558 0.2498 0.2455 0.2506 0.2515 0.2575 0.2549 0.2711 0.2899 0.2779 0.2540 0.2924 0.2387 0.2771 0.2583 0.2379 0.2754 0.2489 0.2600 0.2498 0.2472 0.2344 0.2950 0.2370 0.2396 0.2515 0.2523 0.2489 0.2438 0.2685 0.2754 0.2600 0.2634 0.2958 0.2796 0.2421 0.2540 0.2489 0.2660 0.2430 0.2745 0.2720 0.2975 0.2327 0.2660 0.2728 0.2609 0.2344 0.2779 0.2498 0.2523 0.2515 0.2728 0.2617 0.2600 1.0000 0.2592 0.2779 0.2481 0.2958 0.2702 0.2762 0.2694 0.2515 0.2540 0.2933
c5ar1_human.pdb 0.2387 0.2847 0.2438 0.2617 0.2617 0.2634 0.2609 0.2413 0.2907 0.2558 0.2540 0.2472 0.2540 0.2523 0.2634 0.2566 0.2839 0.2600 0.2626 0.2575 0.2702 0.2421 0.2856 0.2609 0.2506 0.2549 0.2626 0.2873 0.2583 0.2600 0.2361 0.2609 0.2379 0.2438 0.2523 0.2600 0.2472 0.2464 0.2575 0.2575 0.2575 0.2617 0.2745 0.2890 0.2387 0.2626 0.2532 0.2592 0.2481 0.2566 0.2583 0.2685 0.2336 0.2566 0.2566 0.2489 0.2447 0.2975 0.2344 0.2600 0.2396 0.2523 0.2575 0.2651 0.2592 1.0000 0.2864 0.2515 0.2728 0.2634 0.2660 0.2575 0.2558 0.2609 0.2668
npff1_human.pdb 0.2464 0.3342 0.2583 0.2822 0.2924 0.2864 0.2839 0.2455 0.3223 0.2796 0.2728 0.2668 0.2796 0.2890 0.2762 0.2822 0.2899 0.2805 0.2754 0.2685 0.3163 0.2489 0.3367 0.2822 0.2754 0.2643 0.2822 0.2822 0.2745 0.2924 0.2387 0.2890 0.2387 0.2745 0.2634 0.2694 0.2540 0.2856 0.2617 0.2711 0.2711 0.2941 0.3257 0.3171 0.2566 0.2890 0.2583 0.2864 0.2566 0.2762 0.2873 0.3282 0.2438 0.3035 0.2694 0.2711 0.2805 0.3001 0.2523 0.2762 0.2600 0.2668 0.2796 0.2958 0.2779 0.2864 1.0000 0.2702 0.3018 0.3129 0.2992 0.2924 0.2720 0.2796 0.2856
ssr5_human.pdb 0.2327 0.2600 0.2583 0.2907 0.2924 0.3001 0.2916 0.2310 0.2592 0.2882 0.2873 0.2711 0.3052 0.2864 0.2882 0.2890 0.2532 0.2523 0.2523 0.2864 0.2626 0.2353 0.2660 0.2813 0.2916 0.2387 0.2873 0.2464 0.2882 0.2907 0.2259 0.2515 0.2259 0.2762 0.2873 0.2856 0.2711 0.2421 0.2430 0.2447 0.2822 0.2575 0.2694 0.2600 0.2617 0.3026 0.2762 0.2523 0.2685 0.2447 0.2617 0.2660 0.2430 0.2626 0.2455 0.2890 0.2754 0.2566 0.2515 0.2890 0.2771 0.2379 0.2916 0.3043 0.2481 0.2515 0.2702 1.0000 0.2566 0.2609 0.2617 0.2549 0.2873 0.2941 0.2532
gasr_human.pdb 0.2464 0.2975 0.2558 0.2830 0.2660 0.2813 0.2745 0.2498 0.2839 0.2796 0.2600 0.2805 0.2634 0.2677 0.2702 0.2626 0.2882 0.2899 0.2856 0.2660 0.3086 0.2498 0.3043 0.2711 0.2489 0.2771 0.2643 0.2745 0.2643 0.2668 0.2438 0.2933 0.2430 0.2532 0.2609 0.2617 0.2515 0.2498 0.2728 0.3350 0.2685 0.2779 0.3367 0.3035 0.2430 0.2702 0.2609 0.2822 0.2523 0.2762 0.2847 0.3129 0.2413 0.2899 0.2771 0.2651 0.2600 0.2916 0.2498 0.2984 0.2549 0.2745 0.2762 0.2771 0.2958 0.2728 0.3018 0.2566 1.0000 0.2941 0.3018 0.2924 0.2617 0.2677 0.3026
ssr4_human.pdb 0.2455 0.3154 0.2540 0.2651 0.2711 0.2660 0.2677 0.2464 0.2958 0.2626 0.2592 0.2472 0.2660 0.2720 0.2600 0.2651 0.2702 0.2762 0.2685 0.2617 0.3061 0.2481 0.3291 0.2592 0.2566 0.2583 0.2643 0.2583 0.2583 0.2737 0.2396 0.2822 0.2387 0.2600 0.2566 0.2540 0.2438 0.2711 0.2566 0.2685 0.2549 0.2950 0.3171 0.2890 0.2413 0.2702 0.2489 0.2907 0.2523 0.2609 0.2796 0.3137 0.2344 0.3001 0.2651 0.2617 0.2549 0.2771 0.2455 0.2523 0.2575 0.2634 0.2694 0.2796 0.2702 0.2634 0.3129 0.2609 0.2941 1.0000 0.2916 0.2890 0.2592 0.2643 0.2813
mtlr_human.pdb 0.2566 0.2924 0.2558 0.2762 0.2754 0.2728 0.2762 0.2566 0.2916 0.2720 0.2626 0.2694 0.2694 0.2728 0.2643 0.2720 0.2771 0.2856 0.2668 0.2643 0.2975 0.2600 0.3026 0.2711 0.2575 0.2745 0.2609 0.2677 0.2626 0.2711 0.2489 0.2805 0.2464 0.2668 0.2609 0.2626 0.2566 0.2609 0.2668 0.2933 0.2651 0.2907 0.3376 0.2830 0.2626 0.2643 0.2566 0.2839 0.2540 0.2847 0.2720 0.3052 0.2387 0.2958 0.2720 0.2728 0.2634 0.2813 0.2506 0.2617 0.2626 0.2771 0.2660 0.2737 0.2762 0.2660 0.2992 0.2617 0.3018 0.2916 1.0000 0.2890 0.2643 0.2728 0.2788
rxfp2_human.pdb 0.2651 0.2882 0.2523 0.2779 0.2677 0.2984 0.2702 0.2660 0.2720 0.2720 0.2532 0.2549 0.2575 0.2720 0.2694 0.2720 0.2643 0.2720 0.2626 0.2694 0.3112 0.2711 0.2950 0.2660 0.2506 0.2609 0.2575 0.2481 0.2651 0.2634 0.2634 0.2779 0.2489 0.2523 0.2626 0.2634 0.2498 0.2498 0.2523 0.2575 0.2737 0.2711 0.3154 0.2771 0.2344 0.2677 0.2566 0.2864 0.2558 0.2651 0.2626 0.3777 0.2387 0.6240 0.2558 0.2737 0.2523 0.3154 0.2762 0.2634 0.2668 0.2592 0.3146 0.3026 0.2694 0.2575 0.2924 0.2549 0.2924 0.2890 0.2890 1.0000 0.2737 0.2643 0.2813
ssr1_human.pdb 0.2344 0.2677 0.2711 0.3052 0.3052 0.3112 0.2984 0.2353 0.2583 0.2941 0.2864 0.2813 0.2933 0.3052 0.2941 0.3146 0.2626 0.2540 0.2498 0.2950 0.2660 0.2370 0.2711 0.3035 0.2822 0.2370 0.2890 0.2498 0.3043 0.3061 0.2293 0.2523 0.2276 0.2813 0.2882 0.3103 0.2711 0.2361 0.2447 0.2498 0.2839 0.2600 0.2694 0.2728 0.2617 0.2873 0.2813 0.2575 0.2668 0.2447 0.2489 0.2754 0.2447 0.2737 0.2472 0.2907 0.2873 0.2685 0.2677 0.2907 0.2813 0.2361 0.3043 0.3052 0.2515 0.2558 0.2720 0.2873 0.2617 0.2592 0.2643 0.2737 1.0000 0.2924 0.2583
grpr_human.pdb 0.2464 0.2702 0.2626 0.3086 0.3103 0.3043 0.3248 0.2455 0.2711 0.3171 0.3095 0.2941 0.3043 0.3043 0.2967 0.2933 0.2609 0.2626 0.2566 0.2967 0.2702 0.2489 0.2754 0.2950 0.2967 0.2523 0.3001 0.2566 0.2967 0.3026 0.2387 0.2634 0.2361 0.2924 0.2873 0.2907 0.2805 0.2455 0.2532 0.2549 0.2856 0.2685 0.2813 0.2660 0.2771 0.3001 0.2958 0.2592 0.2711 0.2626 0.2651 0.2796 0.2668 0.2720 0.2583 0.2924 0.2958 0.2634 0.2575 0.3009 0.2813 0.2532 0.2984 0.3086 0.2540 0.2609 0.2796 0.2941 0.2677 0.2643 0.2728 0.2643 0.2924 1.0000 0.2617
oprx_human.pdb 0.2387 0.2822 0.2549 0.2745 0.2600 0.2677 0.2660 0.2404 0.2711 0.2617 0.2540 0.2532 0.2575 0.2600 0.2694 0.2634 0.2762 0.2882 0.2856 0.2634 0.2967 0.2421 0.2882 0.2660 0.2455 0.2694 0.2575 0.2643 0.2609 0.2592 0.2370 0.2899 0.2404 0.2489 0.2609 0.2592 0.2532 0.2481 0.2805 0.2711 0.2592 0.2660 0.3026 0.2890 0.2455 0.2634 0.2549 0.2694 0.2515 0.2728 0.2813 0.3129 0.2370 0.2779 0.2839 0.2634 0.2464 0.2830 0.2523 0.2626 0.2540 0.2660 0.2651 0.2677 0.2933 0.2668 0.2856 0.2532 0.3026 0.2813 0.2788 0.2813 0.2583 0.2617 1.0000
