75
mc5r_human.pdb 0.0000 11.2594 5.9106 6.8298 11.1084 7.0034 9.8422 12.6290 9.3753 9.4617 9.0981 8.5838 13.1954 12.0108 6.2644 8.4639 6.6924 7.1135 5.2925 6.7383 8.3179 4.3652 7.9737 6.5104 13.3497 5.4881 8.4184 6.5908 9.8198 10.2785 3.6662 9.1265 4.3696 13.2831 5.7277 6.1549 5.9214 9.1750 5.0684 6.2053 7.0529 6.3498 11.0376 7.0657 8.9918 7.6662 6.0462 5.5446 5.2451 5.8340 10.2007 7.3459 5.5659 12.7857 7.6320 8.8082 8.9907 6.5806 7.9160 6.8358 9.3217 7.8537 7.1457 10.3736 5.4218 6.7585 7.5711 11.8895 6.8828 8.1071 11.3375 6.8189 8.9400 8.0200 5.9293
ssr3_human.pdb 11.2594 0.0000 8.7298 14.1621 26.8330 15.1825 18.1456 7.8635 27.6368 23.5466 20.8636 15.6432 23.9966 23.9529 14.9788 22.9541 11.2690 23.9275 15.3144 14.3612 27.0274 10.9211 26.9143 15.4898 29.3079 20.5283 23.3960 13.4480 24.0256 28.6468 7.6677 26.7665 7.7215 30.5136 14.0602 14.8711 10.4097 25.7209 6.7713 8.9818 9.7903 22.3596 33.5141 11.0924 19.4121 23.1441 12.2959 21.6342 12.7457 18.7734 22.9001 28.9600 11.7421 25.0938 15.8019 20.8938 28.0082 17.4155 14.3833 13.9345 21.4796 24.8007 19.4570 26.2973 16.3539 14.3295 24.0968 23.6425 18.6370 24.8216 29.2572 22.4423 13.5041 19.6073 18.4974
npbw1_human.pdb 5.9106 8.7298 0.0000 12.4251 9.3594 13.7751 11.8600 8.7078 9.1400 12.6075 10.6407 5.1666 9.8918 10.3965 13.0301 9.7935 7.5030 13.0575 13.0961 10.5556 15.4838 6.5449 11.2406 9.4666 7.7405 5.8536 9.3522 6.3573 13.0093 10.1562 6.6489 12.9854 6.3842 4.1840 12.5755 11.2840 10.1421 8.0279 8.8262 10.7825 11.2735 12.5781 12.9337 9.4598 6.2948 11.6847 10.2885 13.3094 11.5594 7.4623 11.3305 19.0967 9.0715 16.6701 9.2767 16.8008 3.7534 9.9837 15.3940 9.6015 15.8878 7.4638 15.5568 17.5049 15.3022 6.9231 7.0983 11.6063 13.8730 12.9254 10.7517 15.5182 7.9670 8.5611 16.8688
ntr1_human.pdb 6.8298 14.1621 12.4251 0.0000 9.8406 14.8799 11.3982 7.7381 11.4622 11.2670 11.3913 11.6379 9.9824 12.9681 17.3197 11.7917 12.4955 14.7243 8.6561 11.1713 12.7900 7.3898 8.4266 10.3168 8.6842 13.7001 10.7159 10.0860 16.1222 11.1652 8.1824 11.8804 7.3321 11.8389 7.8721 7.9819 9.6197 8.4440 8.6090 14.3208 12.3738 9.0267 21.1980 11.1105 11.2812 8.8206 8.7709 8.7215 6.9376 13.2185 9.1813 16.4051 5.2857 17.0793 7.3413 12.9164 11.0628 12.2397 11.1669 12.4513 16.4673 11.3241 12.4240 15.0378 12.2917 10.5147 12.9325 9.8930 12.7735 9.7722 15.1855 18.7630 11.7667 8.7146 12.4142
nmur2_human.pdb 11.1084 26.8330 9.3594 9.8406 0.0000 13.3417 13.3132 10.1731 20.7517 10.2872 11.3022 7.3248 8.9069 9.1098 10.3025 9.5620 9.8779 11.9767 8.7363 10.4866 12.7185 11.1035 14.6962 10.1502 12.5054 13.1567 12.9836 10.6913 17.3995 14.9889 7.5122 14.3832 6.6616 13.0723 7.0040 8.9899 10.6479 9.2855 7.5810 9.9557 8.6591 8.1197 20.1875 8.9587 12.6093 12.7735 8.9609 9.6328 5.6642 13.1191 10.5521 15.7865 5.8200 14.6610 12.2144 9.3007 10.8982 9.7607 9.2920 9.4104 10.6000 12.8381 9.8038 17.0963 9.7902 9.6320 15.8404 9.5688 11.4093 12.8320 12.5992 12.4007 11.5033 10.1207 10.1653
ednra_human.pdb 7.0034 15.1825 13.7751 14.8799 13.3417 0.0000 18.1054 7.9891 13.3052 14.7167 15.0152 10.1181 16.9604 15.2852 18.8850 19.1191 15.0901 10.2877 10.9133 14.7565 13.1666 7.0424 11.6852 13.5044 9.1572 11.2439 13.7997 9.5228 19.3375 13.2596 8.2526 12.8037 6.3406 12.7690 13.0610 9.4889 13.1527 12.3023 9.0574 11.5473 9.8467 13.2721 16.2210 14.6069 11.7349 10.3570 10.7604 13.7639 10.2748 10.8638 11.3350 23.9773 12.2590 21.7139 9.9719 15.3383 8.3530 16.4010 15.5915 11.7394 14.7049 10.0204 9.8350 15.1981 9.2354 12.6017 14.5892 10.6301 12.3536 9.1617 13.7795 21.6684 18.3912 10.7478 14.6669
brs3_human.pdb 9.8422 18.1456 11.8600 11.3982 13.3132 18.1054 0.0000 6.3665 14.7968 14.7823 11.3192 13.2354 13.7560 14.4856 12.0958 13.2277 11.0646 15.7120 9.0389 13.2385 13.3126 9.8387 14.9755 8.5573 16.3391 16.2930 8.8348 8.0655 17.4130 9.5748 8.6028 16.8208 8.0749 14.4452 10.7373 10.4252 9.2860 12.9739 7.5401 9.7653 11.1057 9.8919 25.1679 10.5452 15.1047 10.0275 11.2084 8.6684 9.9579 15.1172 10.8605 16.3739 9.4608 14.3139 11.0732 13.7010 15.2593 12.3587 11.0615 13.6527 16.8760 16.0361 13.5386 14.4025 13.5373 9.0047 13.5604 11.3771 12.7380 13.4577 15.9507 15.6121 9.5199 9.9788 11.4289
mc3r_human.pdb 12.6290 7.8635 8.7078 7.7381 10.1731 7.9891 6.3665 0.0000 8.9626 9.4479 7.1919 10.7226 10.5835 10.8942 6.8549 8.4194 7.2454 8.1591 6.6841 10.3641 8.2437 12.9235 8.3736 8.6008 10.0384 7.1479 9.0541 7.0730 11.3029 9.7576 13.6014 10.2875 7.8245 11.1021 8.2535 8.4534 6.3096 9.6775 5.8167 5.8004 7.1696 6.9974 11.9468 9.6891 9.1174 8.2481 6.9435 5.6489 7.9720 7.0092 8.2842 9.7308 6.5821 12.8893 7.9740 10.0578 9.0688 9.6849 9.7778 7.7782 10.7230 9.2321 9.2032 8.4840 6.9882 8.1748 8.3916 8.6702 6.2732 7.7880 12.3230 11.9382 9.1871 8.6038 8.4087
v1br_human.pdb 9.3753 27.6368 9.1400 11.4622 20.7517 13.3052 14.7968 8.9626 0.0000 17.4548 17.0472 11.8691 19.0278 19.5415 11.2259 17.1841 9.4817 17.6018 11.8535 11.2984 18.6010 10.5172 21.0368 10.7912 20.9375 15.7084 16.4229 9.4351 17.5721 15.2243 7.0683 17.9388 6.7082 15.4369 10.3084 11.8580 10.3095 17.2752 10.6821 12.3239 9.4077 16.0771 26.0828 13.0189 16.6535 16.0347 10.2386 13.2128 8.8982 15.7191 16.7193 15.6364 7.8846 20.0776 14.3629 15.9076 16.6832 9.8308 11.3115 11.3984 17.6997 17.4142 14.8705 22.7945 13.2513 8.6579 21.3011 18.9584 12.3830 23.9903 21.5703 19.2121 12.4828 15.0034 11.9999
v1ar_human.pdb 9.4617 23.5466 12.6075 11.2670 10.2872 14.7167 14.7823 9.4479 17.4548 0.0000 12.3344 10.6129 12.4886 12.8508 16.4125 10.3619 14.5062 10.7046 6.7461 10.7659 12.0570 10.0225 11.8711 11.0641 14.4726 13.2372 9.7322 9.7347 14.8449 12.8356 7.6177 11.8612 6.2491 13.6371 9.0522 7.1766 10.2788 9.3127 9.4758 13.0662 11.0477 9.4543 19.2800 11.7783 9.7870 11.0328 5.2183 12.2997 5.9589 12.6756 11.7490 16.0266 4.6468 17.5200 10.2150 11.3384 12.3912 12.2135 9.7035 14.2868 13.5731 11.1435 11.5106 14.4733 9.2573 10.8635 16.0438 9.8888 11.2528 8.9896 13.6320 15.4910 13.9040 9.5190 10.4989
apj_human.pdb 9.0981 20.8636 10.6407 11.3913 11.3022 15.0152 11.3192 7.1919 17.0472 12.3344 0.0000 11.3719 12.1202 14.8376 12.2303 11.9751 10.1897 12.2442 9.4990 11.4369 11.4208 9.2632 15.3229 10.2065 15.2478 14.7479 12.6748 9.7630 19.8906 11.5875 6.3495 15.1951 5.1941 11.1686 10.5888 11.0168 8.3975 11.8555 7.2539 9.9736 8.0764 9.3332 21.6847 11.1459 11.3959 11.9394 11.7402 8.8388 7.5556 13.5579 11.4997 13.5624 9.0536 11.0270 11.5119 11.0138 14.3004 11.0249 9.5340 12.5540 10.3148 14.0612 11.4244 16.6998 10.2995 10.4584 13.4660 12.1932 11.9126 12.8104 12.0492 9.5347 10.8014 9.6178 8.9191
ntr2_human.pdb 8.5838 15.6432 5.1666 11.6379 7.3248 10.1181 13.2354 10.7226 11.8691 10.6129 11.3719 0.0000 9.3376 7.6387 8.8413 6.6073 7.4180 9.1008 6.7467 8.3895 8.7435 8.7404 10.7236 6.8411 11.7255 11.9000 11.3504 8.1007 8.9174 11.2439 7.6112 12.4104 6.5359 11.2150 4.7284 5.7253 8.8044 8.4535 7.3499 14.7892 7.2337 6.9320 12.6808 8.9366 11.0053 9.0513 8.3528 6.6317 4.5922 13.0963 8.6212 10.6721 4.5237 9.9103 10.6904 7.0849 10.5406 7.5459 8.3272 16.5878 7.7590 11.5867 7.1807 13.4690 7.3763 7.3870 10.2155 8.2305 14.4361 7.3220 11.4892 9.7838 10.0788 7.9602 9.0471
nmbr_human.pdb 13.1954 23.9966 9.8918 9.9824 8.9069 16.9604 13.7560 10.5835 19.0278 12.4886 12.1202 9.3376 0.0000 11.7277 12.6209 10.8788 10.1660 13.4820 8.6773 10.7196 13.2494 12.2942 15.7793 6.4623 10.3560 10.1751 13.7731 7.2702 14.6552 13.7253 8.2727 15.5311 7.9325 10.3837 9.3413 9.0464 8.8655 12.0239 9.2769 13.5768 10.6637 12.1705 22.5045 10.7707 13.8463 9.8374 10.0821 9.4406 9.5632 10.4021 10.3825 19.2453 7.3649 15.2664 13.8338 12.7842 10.9462 10.5331 10.9962 10.4236 14.7929 13.2783 10.8588 18.1468 11.4033 8.8001 15.1860 8.3732 12.9785 13.3572 14.9206 14.6244 9.6693 10.7406 11.3439
nmur1_human.pdb 12.0108 23.9529 10.3965 12.9681 9.1098 15.2852 14.4856 10.8942 19.5415 12.8508 14.8376 7.6387 11.7277 0.0000 14.0927 10.6898 10.1383 13.9766 9.0576 11.3646 14.7082 11.5812 15.9117 10.7331 12.1496 14.5384 12.7924 10.2372 15.2142 16.0110 7.6038 16.3080 6.5574 16.6542 8.8021 9.3428 11.0125 11.4200 8.4338 11.5253 8.5651 11.0806 22.4385 9.6754 14.2634 11.7803 9.0296 12.6731 7.2729 14.7095 10.6249 18.7031 5.7250 14.0002 13.4549 11.3245 11.7441 9.9646 11.8791 10.8658 13.4626 15.1457 11.5583 15.8359 10.0167 9.0721 17.5339 10.1868 12.4731 13.4916 13.8061 14.9530 14.2626 10.4555 13.2544
npy2r_human.pdb 6.2644 14.9788 13.0301 17.3197 10.3025 18.8850 12.0958 6.8549 11.2259 16.4125 12.2303 8.8413 12.6209 14.0927 0.0000 14.7066 12.6823 19.5246 15.9621 15.5019 17.3532 7.2102 14.3204 12.7413 12.0518 16.2074 14.3933 8.4108 18.5021 14.2307 7.5421 18.3594 6.9778 9.6328 14.8490 16.4243 10.5340 10.9479 8.6842 11.7616 12.6912 9.9920 24.9741 12.7818 12.9701 15.4236 13.6892 14.2813 13.6878 15.4085 14.9354 16.5705 12.0210 12.4547 8.9261 15.9213 9.1756 13.5629 17.4255 10.9632 15.3750 14.4930 18.4835 17.5509 18.9578 8.8753 14.2578 14.3551 17.7890 18.7245 18.3122 13.8464 13.6076 11.6235 15.8764
oprm_human.pdb 8.4639 22.9541 9.7935 11.7917 9.5620 19.1191 13.2277 8.4194 17.1841 10.3619 11.9751 6.6073 10.8788 10.6898 14.7066 0.0000 9.8426 11.4246 8.2034 9.2703 17.6705 9.0866 13.2422 8.6261 12.4854 9.5885 11.5690 9.5683 14.7735 13.5006 6.9141 10.3812 6.1965 13.1993 8.6081 8.3930 7.6964 7.9845 8.2731 11.0977 10.4294 8.8150 18.9588 9.7402 8.8558 9.5900 8.3290 8.8686 6.8261 9.0498 10.2972 18.1601 5.8536 17.6021 9.0469 13.0641 8.6720 9.2428 16.7728 12.3060 14.8661 8.2466 17.8582 17.4421 10.9969 9.2769 14.0679 10.7201 11.8824 10.5731 13.3072 14.5190 13.5412 8.1221 10.9334
npsr1_human.pdb 6.6924 11.2690 7.5030 12.4955 9.8779 15.0901 11.0646 7.2454 9.4817 14.5062 10.1897 7.4180 10.1660 10.1383 12.6823 9.8426 0.0000 14.5470 12.7043 10.0893 16.8900 7.1644 11.1583 10.9098 8.2787 10.3089 11.7773 8.8405 14.6424 11.1427 7.3723 12.9873 7.5350 6.8440 12.3049 11.9274 9.0202 6.1837 8.4010 11.4613 12.7687 10.7168 18.2558 12.0971 10.2498 11.6178 10.4709 12.2146 10.4293 9.8158 12.1451 20.9044 10.2985 16.0422 8.4192 18.6819 6.6505 11.8350 16.0580 8.4248 17.7996 9.5421 15.9519 18.1341 15.2890 8.0127 10.2682 12.7667 14.9586 12.7920 14.3147 15.0499 9.7178 7.9356 15.9946
npy4r_human.pdb 7.1135 23.9275 13.0575 14.7243 11.9767 10.2877 15.7120 8.1591 17.6018 10.7046 12.2442 9.1008 13.4820 13.9766 19.5246 11.4246 14.5470 0.0000 7.2790 12.9766 10.5343 8.2784 13.8794 15.5552 14.2812 9.0429 12.7521 12.1458 16.2950 12.5226 6.0850 11.0464 5.2635 10.6327 13.3625 10.0641 9.0130 9.5799 5.4309 12.1809 8.5053 11.5160 16.2774 14.5724 8.2073 15.8635 8.7637 7.4860 9.8162 9.6777 10.0645 13.3050 7.5877 18.7780 7.6294 11.9315 10.2357 15.5209 9.0307 14.7175 10.5229 7.8879 10.9990 18.2954 6.6457 13.2106 17.5541 11.0802 12.1174 13.3523 14.1875 14.0134 12.3540 11.9041 12.3063
mchr1_human.pdb 5.2925 15.3144 13.0961 8.6561 8.7363 10.9133 9.0389 6.6841 11.8535 6.7461 9.4990 6.7467 8.6773 9.0576 15.9621 8.2034 12.7043 7.2790 0.0000 10.5761 5.9670 5.8633 7.9230 9.9278 7.1288 8.0988 7.4233 9.5888 12.4065 7.5514 6.4653 7.3707 6.2242 5.8219 8.8845 7.3106 8.1578 8.7329 7.6062 13.4365 9.5953 8.6613 18.4149 11.2297 7.6951 9.4276 6.1856 6.9729 8.3963 7.7494 4.8448 9.7390 5.0728 14.1527 6.3215 9.1126 5.9506 12.0264 7.9347 10.9577 9.9795 5.3130 7.6190 11.0191 5.9745 11.1596 13.1843 6.5236 12.0407 9.2234 14.1288 14.5476 10.8858 7.4637 8.0643
oprk_human.pdb 6.7383 14.3612 10.5556 11.1713 10.4866 14.7565 13.2385 10.3641 11.2984 10.7659 11.4369 8.3895 10.7196 11.3646 15.5019 9.2703 10.0893 12.9766 10.5761 0.0000 11.7311 6.4910 10.7300 8.7271 11.7081 13.1957 11.7088 9.5154 12.8455 11.8617 7.8218 11.9285 7.2098 13.2140 8.4611 10.3038 8.2669 8.1712 9.5542 13.6462 10.8984 9.4290 20.5164 10.2183 10.7179 11.7193 10.5983 9.9402 7.8583 13.0794 10.8074 15.1468 7.1580 14.4749 8.8645 12.3933 10.2976 10.6175 12.1882 13.9895 13.3481 10.1317 11.9883 15.6525 12.0251 10.1330 11.6195 12.0193 13.4225 10.5207 14.3688 14.8407 11.7840 7.8187 12.0857
rl3r1_human.pdb 8.3179 27.0274 15.4838 12.7900 12.7185 13.1666 13.3126 8.2437 18.6010 12.0570 11.4208 8.7435 13.2494 14.7082 17.3532 17.6705 16.8900 10.5343 5.9670 11.7311 0.0000 8.3076 15.5833 12.7005 14.6198 11.7232 10.8256 11.3611 15.0546 12.2388 6.4592 13.7533 6.5050 13.2255 10.0488 7.3352 9.7586 13.1221 8.0833 15.1806 10.9315 11.4350 23.9151 14.0937 12.2875 11.7576 6.5174 14.5286 6.9501 11.4095 8.6985 19.6446 8.3612 22.7731 11.6400 11.2842 12.5535 13.7701 15.6350 12.6781 13.3455 12.2447 12.0210 15.3703 8.7422 12.6775 18.5746 10.8841 12.6248 13.8214 18.0793 20.7800 16.0409 10.1462 9.9849
mc4r_human.pdb 4.3652 10.9211 6.5449 7.3898 11.1035 7.0424 9.8387 12.9235 10.5172 10.0225 9.2632 8.7404 12.2942 11.5812 7.2102 9.0866 7.1644 8.2784 5.8633 6.4910 8.3076 0.0000 8.0293 6.6110 12.2797 6.2826 8.6033 7.0255 9.6896 10.8519 4.5062 11.4531 4.4956 13.2916 6.2500 6.8775 5.8292 9.5331 5.4328 6.6589 7.2414 7.0310 12.1173 8.3624 9.2574 8.3138 6.9032 5.9458 5.9636 6.7946 9.5026 9.8488 6.3092 12.3532 9.3724 8.8777 9.0783 6.7918 7.5221 6.8120 8.7484 9.6623 7.0602 9.3668 5.1334 7.5372 7.4711 11.5562 7.7990 6.7972 11.8017 7.7675 9.0321 8.0607 6.3717
qrfpr_human.pdb 7.9737 26.9143 11.2406 8.4266 14.6962 11.6852 14.9755 8.3736 21.0368 11.8711 15.3229 10.7236 15.7793 15.9117 14.3204 13.2422 11.1583 13.8794 7.9230 10.7300 15.5833 8.0293 0.0000 11.0365 16.3303 13.5938 17.4126 11.2119 15.4494 19.5039 5.8017 15.9856 5.6054 20.5028 9.7058 8.8917 9.3171 9.2487 7.1608 10.7205 9.3230 8.4790 21.6776 14.1251 7.9508 15.6352 7.9004 8.5342 8.0030 13.5576 13.9035 17.5655 6.5254 20.6436 10.1018 11.9968 13.9564 11.6191 8.6369 9.7744 10.9362 14.2923 11.4602 17.9679 8.7126 10.2310 15.1151 13.3734 13.0681 12.0316 16.2559 15.5679 13.0155 12.3606 11.8439
npy1r_human.pdb 6.5104 15.4898 9.4666 10.3168 10.1502 13.5044 8.5573 8.6008 10.7912 11.0641 10.2065 6.8411 6.4623 10.7331 12.7413 8.6261 10.9098 15.5552 9.9278 8.7271 12.7005 6.6110 11.0365 0.0000 9.4106 14.7797 7.5511 7.2256 13.7429 6.5193 7.6691 12.9452 6.9981 7.7253 6.9818 7.2729 11.0224 7.6931 9.2715 11.3108 12.2742 7.3256 21.5186 11.8793 13.8021 9.3539 8.6115 8.9390 5.3815 14.7404 10.4250 15.9066 5.1001 14.7825 8.5403 12.4310 8.1836 12.0309 11.2574 9.5862 15.3019 11.8381 12.2586 11.8387 13.2260 7.6827 12.3082 8.4554 14.2551 10.1506 15.3526 15.7768 9.0511 8.0505 12.8344
galr2_human.pdb 13.3497 29.3079 7.7405 8.6842 12.5054 9.1572 16.3391 10.0384 20.9375 14.4726 15.2478 11.7255 10.3560 12.1496 12.0518 12.4854 8.2787 14.2812 7.1288 11.7081 14.6198 12.2797 16.3303 9.4106 0.0000 15.1332 18.0693 11.1529 15.7163 15.6374 7.6124 16.6905 7.7130 13.4480 6.9137 5.8139 9.7250 12.5528 8.0280 9.6807 8.9214 12.1377 19.3815 10.9900 14.5407 10.8416 10.0044 13.0037 5.9624 14.7890 11.1826 18.7805 5.1432 14.0006 13.6447 10.0784 10.4137 9.5903 8.6836 9.9612 11.9416 16.0644 8.2942 15.8965 8.2414 10.7993 20.0023 8.0228 11.1094 15.3725 12.9882 14.5352 12.3868 11.7982 11.8373
fpr1_human.pdb 5.4881 20.5283 5.8536 13.7001 13.1567 11.2439 16.2930 7.1479 15.7084 13.2372 14.7479 11.9000 10.1751 14.5384 16.2074 9.5885 10.3089 9.0429 8.0988 13.1957 11.7232 6.2826 13.5938 14.7797 15.1332 0.0000 16.1936 13.8340 15.4648 13.6233 5.3716 6.5798 7.1043 10.5969 10.7032 10.3221 11.8979 7.8953 6.4542 6.5919 9.9687 6.6563 11.0791 10.7153 8.1052 17.3146 9.8999 7.7767 9.4868 4.3333 10.4890 12.0277 8.9867 16.3550 7.3937 10.0942 12.2244 13.2296 10.0235 17.2767 9.3182 6.2719 14.9208 18.9557 9.0848 13.5088 18.6157 9.3194 12.8127 14.0589 11.1252 13.1707 8.0821 14.9196 10.0780
nk1r_human.pdb 8.4184 23.3960 9.3522 10.7159 12.9836 13.7997 8.8348 9.0541 16.4229 9.7322 12.6748 11.3504 13.7731 12.7924 14.3933 11.5690 11.7773 12.7521 7.4233 11.7088 10.8256 8.6033 17.4126 7.5511 18.0693 16.1936 0.0000 8.2132 15.5438 9.1692 7.7437 15.2869 6.5047 15.7974 6.0783 6.7284 9.7294 11.2975 8.9329 10.9114 8.6800 9.5478 18.8501 12.3894 13.5451 8.9492 8.4465 11.9527 4.2529 15.6891 11.2287 13.4440 4.5388 14.6895 11.1718 8.0983 14.1452 14.1269 6.8920 15.1551 10.4984 14.8423 5.5312 12.3557 7.4717 10.6502 15.5981 9.0841 12.4892 13.1024 12.5713 14.4979 11.8401 9.3576 11.1157
fpr2_human.pdb 6.5908 13.4480 6.3573 10.0860 10.6913 9.5228 8.0655 7.0730 9.4351 9.7347 9.7630 8.1007 7.2702 10.2372 8.4108 9.5683 8.8405 12.1458 9.5888 9.5154 11.3611 7.0255 11.2119 7.2256 11.1529 13.8340 8.2132 0.0000 13.7998 7.2125 6.9175 12.4203 7.5401 8.5520 8.4153 9.6904 10.1410 6.2798 9.0005 6.7601 7.5870 5.6967 16.7556 12.3355 9.8144 10.0486 8.7421 6.6456 7.8062 13.5336 10.9945 11.7834 7.4569 10.8737 9.6822 8.8129 9.3217 12.9517 8.9373 9.8840 8.0464 12.9202 9.7396 11.0503 10.6578 4.6327 10.1967 7.1701 11.5819 10.9219 13.4522 11.2170 7.4740 8.8021 12.0212
ur2r_human.pdb 9.8198 24.0256 13.0093 16.1222 17.3995 19.3375 17.4130 11.3029 17.5721 14.8449 19.8906 8.9174 14.6552 15.2142 18.5021 14.7735 14.6424 16.2950 12.4065 12.8455 15.0546 9.6896 15.4494 13.7429 15.7163 15.4648 15.5438 13.7998 0.0000 17.6442 8.7899 16.2827 7.0659 15.1806 11.9716 14.5470 13.9686 10.1407 13.4535 16.5328 17.2701 11.0888 22.1459 17.1061 15.2786 15.6381 14.0223 11.2471 9.5201 16.1491 13.7711 17.6672 6.0386 18.4226 13.0712 15.0425 11.9013 14.2890 11.5855 17.2908 18.3495 12.7649 14.5730 18.2272 14.2789 13.8666 17.7744 15.0359 17.3744 13.4519 17.4459 19.3518 18.9116 14.6420 14.7376
nk2r_human.pdb 10.2785 28.6468 10.1562 11.1652 14.9889 13.2596 9.5748 9.7576 15.2243 12.8356 11.5875 11.2439 13.7253 16.0110 14.2307 13.5006 11.1427 12.5226 7.5514 11.8617 12.2388 10.8519 19.5039 6.5193 15.6374 13.6233 9.1692 7.2125 17.6442 0.0000 7.4543 14.5658 7.5096 11.7410 8.3518 6.6015 11.3958 14.3905 7.7713 10.3667 10.1055 13.0191 21.2932 11.0910 16.4974 11.2350 8.5704 11.5696 7.3337 13.3082 9.9898 13.7701 5.9673 15.3308 12.3860 11.0725 13.8046 12.4231 9.1830 13.0660 14.3818 14.3921 9.8567 16.5436 8.9773 8.7316 18.3971 10.8022 10.1254 17.7187 15.0031 14.5191 9.4800 10.6059 10.0883
mshr_human.pdb 3.6662 7.6677 6.6489 8.1824 7.5122 8.2526 8.6028 13.6014 7.0683 7.6177 6.3495 7.6112 8.2727 7.6038 7.5421 6.9141 7.3723 6.0850 6.4653 7.8218 6.4592 4.5062 5.8017 7.6691 7.6124 5.3716 7.7437 6.9175 8.7899 7.4543 0.0000 5.3278 5.1655 7.8507 6.8684 7.6779 7.6738 6.9767 6.3422 6.5312 9.2351 5.3987 7.9195 7.1822 6.3176 8.3605 7.7618 7.5433 7.0669 5.8824 6.8442 6.7465 6.3054 8.1733 7.6024 6.6558 7.0605 6.9102 9.0649 8.5771 6.8190 5.1273 8.9046 7.7338 6.8464 6.8420 7.1434 7.7873 6.9916 6.4258 9.9039 7.6786 7.3815 6.7092 7.0359
rl3r2_human.pdb 9.1265 26.7665 12.9854 11.8804 14.3832 12.8037 16.8208 10.2875 17.9388 11.8612 15.1951 12.4104 15.5311 16.3080 18.3594 10.3812 12.9873 11.0464 7.3707 11.9285 13.7533 11.4531 15.9856 12.9452 16.6905 6.5798 15.2869 12.4203 16.2827 14.5658 5.3278 0.0000 6.9920 14.4195 8.8780 8.1267 10.3328 10.7016 6.2240 10.8505 11.6121 10.1007 16.9911 11.4877 9.2073 14.8693 7.7081 7.5561 7.4391 5.8731 14.0234 13.2849 6.8346 20.7000 7.0823 12.7800 13.6016 13.2908 9.1365 15.8176 14.0042 5.8412 13.4297 19.6800 9.7463 13.1842 21.0694 12.9117 11.9573 16.3215 16.3324 13.3773 13.4107 14.3181 8.1411
acthr_human.pdb 4.3696 7.7215 6.3842 7.3321 6.6616 6.3406 8.0749 7.8245 6.7082 6.2491 5.1941 6.5359 7.9325 6.5574 6.9778 6.1965 7.5350 5.2635 6.2242 7.2098 6.5050 4.4956 5.6054 6.9981 7.7130 7.1043 6.5047 7.5401 7.0659 7.5096 5.1655 6.9920 0.0000 7.1310 6.3368 6.6258 5.9528 7.2210 6.4818 8.3609 6.5162 5.2455 9.7220 7.9296 5.2419 8.6279 7.0248 6.3132 5.9840 7.6571 6.5105 5.8771 5.1403 5.6364 8.1215 5.8707 5.7510 5.6037 6.2939 6.5150 5.6894 5.6751 5.7832 7.0184 5.2276 7.1317 6.3945 7.9212 9.1861 6.1361 9.3116 5.7934 7.5468 7.1422 4.8203
galr3_human.pdb 13.2831 30.5136 4.1840 11.8389 13.0723 12.7690 14.4452 11.1021 15.4369 13.6371 11.1686 11.2150 10.3837 16.6542 9.6328 13.1993 6.8440 10.6327 5.8219 13.2140 13.2255 13.2916 20.5028 7.7253 13.4480 10.5969 15.7974 8.5520 15.1806 11.7410 7.8507 14.4195 7.1310 0.0000 6.4770 5.6132 9.5620 15.2841 6.6551 7.4981 8.7300 14.5380 14.9552 9.3731 16.3244 13.7836 9.1246 10.2518 5.3323 11.6621 9.3278 15.3984 4.3850 12.7121 14.2895 11.6628 13.8942 8.2998 8.2097 9.7628 13.7356 13.6529 10.3226 19.6118 7.0909 8.3580 19.2394 9.9090 9.5530 18.2537 13.9528 11.9748 9.0074 13.4864 8.9415
oprd_human.pdb 5.7277 14.0602 12.5755 7.8721 7.0040 13.0610 10.7373 8.2535 10.3084 9.0522 10.5888 4.7284 9.3413 8.8021 14.8490 8.6081 12.3049 13.3625 8.8845 8.4611 10.0488 6.2500 9.7058 6.9818 6.9137 10.7032 6.0783 8.4153 11.9716 8.3518 6.8684 8.8780 6.3368 6.4770 0.0000 7.4419 11.9774 8.6732 9.2477 12.7599 11.6274 6.8703 20.3149 9.9469 13.1242 8.1800 7.5387 10.1145 2.8559 10.1054 8.8669 13.3783 5.3121 14.3667 8.2328 9.7081 6.3072 11.1428 11.7610 9.3757 13.9377 7.3346 12.2167 11.1628 12.1010 9.7371 12.8317 9.9619 13.6533 8.4836 15.2374 15.4913 12.5115 6.8055 10.3467
ssr2_human.pdb 6.1549 14.8711 11.2840 7.9819 8.9899 9.4889 10.4252 8.4534 11.8580 7.1766 11.0168 5.7253 9.0464 9.3428 16.4243 8.3930 11.9274 10.0641 7.3106 10.3038 7.3352 6.8775 8.8917 7.2729 5.8139 10.3221 6.7284 9.6904 14.5470 6.6015 7.6779 8.1267 6.6258 5.6132 7.4419 0.0000 12.7772 9.3610 9.5966 12.6974 10.6119 9.0087 17.0789 11.0127 13.0912 6.6046 5.5022 9.3374 6.5417 9.8087 8.0022 11.9415 5.3235 15.0102 8.5624 9.5952 6.0332 11.3510 9.3178 9.2581 13.4804 7.4012 9.2525 11.0538 8.4488 10.5027 12.5032 7.8001 11.2163 5.8339 12.9227 15.5682 11.3734 8.3325 10.0719
bkrb1_human.pdb 5.9214 10.4097 10.1421 9.6197 10.6479 13.1527 9.2860 6.3096 10.3095 10.2788 8.3975 8.8044 8.8655 11.0125 10.5340 7.6964 9.0202 9.0130 8.1578 8.2669 9.7586 5.8292 9.3171 11.0224 9.7250 11.8979 9.7294 10.1410 13.9686 11.3958 7.6738 10.3328 5.9528 9.5620 11.9774 12.7772 0.0000 9.2466 9.8568 11.0678 7.7357 7.5935 19.0370 10.7757 8.2282 11.5822 10.0388 6.6243 9.9802 11.0360 8.8262 10.9332 8.7104 11.2816 7.5614 11.0364 11.7575 8.8377 7.8826 12.1396 8.6241 8.4027 10.2598 12.3690 8.3560 10.3927 9.1461 11.8001 11.9741 10.8455 13.2338 11.7077 11.3308 10.0098 8.8884
c5ar2_human.pdb 9.1750 25.7209 8.0279 8.4440 9.2855 12.3023 12.9739 9.6775 17.2752 9.3127 11.8555 8.4535 12.0239 11.4200 10.9479 7.9845 6.1837 9.5799 8.7329 8.1712 13.1221 9.5331 9.2487 7.6931 12.5528 7.8953 11.2975 6.2798 10.1407 14.3905 6.9767 10.7016 7.2210 15.2841 8.6732 9.3610 9.2466 0.0000 8.8171 9.8462 8.4679 7.6178 18.1289 6.6407 7.7369 12.6011 9.1487 10.6596 8.5241 8.8622 12.3437 14.9612 6.6613 18.2662 10.0482 10.9097 9.6109 7.4647 9.2475 9.1325 10.1343 9.4545 11.7521 16.1712 10.1975 5.8526 10.9484 11.3061 10.5283 12.4805 13.8038 13.0655 10.5692 8.7755 10.4629
mchr2_human.pdb 5.0684 6.7713 8.8262 8.6090 7.5810 9.0574 7.5401 5.8167 10.6821 9.4758 7.2539 7.3499 9.2769 8.4338 8.6842 8.2731 8.4010 5.4309 7.6062 9.5542 8.0833 5.4328 7.1608 9.2715 8.0280 6.4542 8.9329 9.0005 13.4535 7.7713 6.3422 6.2240 6.4818 6.6551 9.2477 9.5966 9.8568 8.8171 0.0000 10.5139 7.2873 6.2476 14.0235 10.1737 8.3178 9.8543 8.6668 5.9420 8.6698 5.1832 6.4840 6.6083 8.9637 7.6782 4.8047 8.9740 6.1898 11.1287 9.0940 7.1365 7.7095 6.7272 10.2278 11.1765 6.9417 9.6360 8.4796 8.7671 8.8171 9.4039 12.1753 7.8554 8.1260 8.2647 6.2729
npy5r_human.pdb 6.2053 8.9818 10.7825 14.3208 9.9557 11.5473 9.7653 5.8004 12.3239 13.0662 9.9736 14.7892 13.5768 11.5253 11.7616 11.0977 11.4613 12.1809 13.4365 13.6462 15.1806 6.6589 10.7205 11.3108 9.6807 6.5919 10.9114 6.7601 16.5328 10.3667 6.5312 10.8505 8.3609 7.4981 12.7599 12.6974 11.0678 9.8462 10.5139 0.0000 9.5460 10.1208 12.3376 13.9575 8.1845 13.4798 11.7716 10.7045 11.5884 6.0711 15.7920 15.6042 11.3284 11.8219 9.3215 13.9005 9.3662 12.7333 13.8548 11.7622 11.6974 8.7034 14.5356 14.5998 12.9762 8.7192 10.6323 11.8404 9.2396 11.3858 13.5232 10.6724 10.6267 9.5310 14.7878
bkrb2_human.pdb 7.0529 9.7903 11.2735 12.3738 8.6591 9.8467 11.1057 7.1696 9.4077 11.0477 8.0764 7.2337 10.6637 8.5651 12.6912 10.4294 12.7687 8.5053 9.5953 10.8984 10.9315 7.2414 9.3230 12.2742 8.9214 9.9687 8.6800 7.5870 17.2701 10.1055 9.2351 11.6121 6.5162 8.7300 11.6274 10.6119 7.7357 8.4679 7.2873 9.5460 0.0000 10.6427 17.8427 12.4772 12.1772 10.8621 8.9828 10.3148 8.4661 10.4050 8.8176 18.6931 9.1741 16.6454 7.3569 13.8760 7.9205 12.3275 11.9010 7.5425 12.8814 8.7238 10.0686 12.1274 9.6141 8.8819 10.6059 10.3492 10.9361 10.1625 14.0316 16.8398 11.1083 8.0989 13.5622
ghsr_human.pdb 6.3498 22.3596 12.5781 9.0267 8.1197 13.2721 9.8919 6.9974 16.0771 9.4543 9.3332 6.9320 12.1705 11.0806 9.9920 8.8150 10.7168 11.5160 8.6613 9.4290 11.4350 7.0310 8.4790 7.3256 12.1377 6.6563 9.5478 5.6967 11.0888 13.0191 5.3987 10.1007 5.2455 14.5380 6.8703 9.0087 7.5935 7.6178 6.2476 10.1208 10.6427 0.0000 21.0931 6.7742 7.0794 11.4512 7.4850 9.9763 6.2642 5.9602 10.4160 12.5390 5.9033 14.9774 7.7575 9.8352 9.0056 8.6552 10.4121 7.1412 10.3506 7.8760 12.8391 13.4596 12.1795 6.3212 12.9296 11.2068 10.7492 11.3629 16.7347 11.2993 11.0366 7.4746 7.6447
ox2r_human.pdb 11.0376 33.5141 12.9337 21.1980 20.1875 16.2210 25.1679 11.9468 26.0828 19.2800 21.6847 12.6808 22.5045 22.4385 24.9741 18.9588 18.2558 16.2774 18.4149 20.5164 23.9151 12.1173 21.6776 21.5186 19.3815 11.0791 18.8501 16.7556 22.1459 21.2932 7.9195 16.9911 9.7220 14.9552 20.3149 17.0789 19.0370 18.1289 14.0235 12.3376 17.8427 21.0931 0.0000 18.7110 9.9394 23.2796 15.4783 21.5384 18.3884 10.6059 21.0856 27.2324 16.5447 30.2147 15.7638 24.0507 13.9432 20.8486 20.1105 21.8347 22.0893 13.4460 21.5783 27.3790 18.0234 18.9273 25.1975 19.3633 20.9935 21.3954 16.4383 23.4751 18.4616 19.7063 23.3768
ox1r_human.pdb 7.0657 11.0924 9.4598 11.1105 8.9587 14.6069 10.5452 9.6891 13.0189 11.7783 11.1459 8.9366 10.7707 9.6754 12.7818 9.7402 12.0971 14.5724 11.2297 10.2183 14.0937 8.3624 14.1251 11.8793 10.9900 10.7153 12.3894 12.3355 17.1061 11.0910 7.1822 11.4877 7.9296 9.3731 9.9469 11.0127 10.7757 6.6407 10.1737 13.9575 12.4772 6.7742 18.7110 0.0000 8.5500 12.6831 10.4876 11.1965 9.4232 10.7698 14.5496 14.6904 7.9614 13.8483 10.4560 12.3257 8.4727 12.4965 12.4630 12.6202 12.8608 10.3437 14.5221 17.2798 14.8556 11.4055 15.5541 11.0766 13.6893 12.8428 14.4664 14.2941 10.3125 8.7507 12.7007
agtr1_human.pdb 8.9918 19.4121 6.2948 11.2812 12.6093 11.7349 15.1047 9.1174 16.6535 9.7870 11.3959 11.0053 13.8463 14.2634 12.9701 8.8558 10.2498 8.2073 7.6951 10.7179 12.2875 9.2574 7.9508 13.8021 14.5407 8.1052 13.5451 9.8144 15.2786 16.4974 6.3176 9.2073 5.2419 16.3244 13.1242 13.0912 8.2282 7.7369 8.3178 8.1845 12.1772 7.0794 9.9394 8.5500 0.0000 14.1135 10.3482 7.3152 5.8925 8.4839 12.2820 12.5421 6.1247 15.1368 10.2915 11.0273 12.7781 8.2022 4.5733 14.0540 7.3923 8.6260 11.7488 14.5519 7.8075 9.5524 10.7387 14.0144 9.3664 9.1781 12.8364 7.1790 14.3502 13.2701 6.7915
kissr_human.pdb 7.6662 23.1441 11.6847 8.8206 12.7735 10.3570 10.0275 8.2481 16.0347 11.0328 11.9394 9.0513 9.8374 11.7803 15.4236 9.5900 11.6178 15.8635 9.4276 11.7193 11.7576 8.3138 15.6352 9.3539 10.8416 17.3146 8.9492 10.0486 15.6381 11.2350 8.3605 14.8693 8.6279 13.7836 8.1800 6.6046 11.5822 12.6011 9.8543 13.4798 10.8621 11.4512 23.2796 12.6831 14.1135 0.0000 6.4704 13.6461 6.9732 16.7493 12.0687 15.5452 5.8480 16.5618 8.8755 10.7226 11.2282 13.3499 10.3779 11.0594 14.0045 15.4875 10.3659 13.1868 10.3027 11.9441 16.5422 9.5951 12.7328 14.9372 15.0257 17.7620 10.7591 8.2680 13.6372
v2r_human.pdb 6.0462 12.2959 10.2885 8.7709 8.9609 10.7604 11.2084 6.9435 10.2386 5.2183 11.7402 8.3528 10.0821 9.0296 13.6892 8.3290 10.4709 8.7637 6.1856 10.5983 6.5174 6.9032 7.9004 8.6115 10.0044 9.8999 8.4465 8.7421 14.0223 8.5704 7.7618 7.7081 7.0248 9.1246 7.5387 5.5022 10.0388 9.1487 8.6668 11.7716 8.9828 7.4850 15.4783 10.4876 10.3482 6.4704 0.0000 8.2375 6.4443 9.7567 7.3511 9.1498 4.9929 12.7254 7.1972 8.7349 8.6227 10.7983 8.8328 12.0747 10.8284 7.5506 7.1751 10.8132 6.6737 10.7242 11.0939 7.0112 9.6754 6.0767 11.6674 13.4475 11.7177 7.6724 8.5876
prlhr_human.pdb 5.5446 21.6342 13.3094 8.7215 9.6328 13.7639 8.6684 5.6489 13.2128 12.2997 8.8388 6.6317 9.4406 12.6731 14.2813 8.8686 12.2146 7.4860 6.9729 9.9402 14.5286 5.9458 8.5342 8.9390 13.0037 7.7767 11.9527 6.6456 11.2471 11.5696 7.5433 7.5561 6.3132 10.2518 10.1145 9.3374 6.6243 10.6596 5.9420 10.7045 10.3148 9.9763 21.5384 11.1965 7.3152 13.6461 8.2375 0.0000 8.7808 7.4197 6.6201 19.9134 9.9970 20.6600 5.0313 14.3876 10.3767 12.1858 9.5200 7.6465 16.1210 6.7278 14.5886 17.1510 9.9068 8.3635 12.7812 9.4557 8.4881 12.3036 16.0066 20.3333 8.9552 8.1162 9.3901
npbw2_human.pdb 5.2451 12.7457 11.5594 6.9376 5.6642 10.2748 9.9579 7.9720 8.8982 5.9589 7.5556 4.5922 9.5632 7.2729 13.6878 6.8261 10.4293 9.8162 8.3963 7.8583 6.9501 5.9636 8.0030 5.3815 5.9624 9.4868 4.2529 7.8062 9.5201 7.3337 7.0669 7.4391 5.9840 5.3323 2.8559 6.5417 9.9802 8.5241 8.6698 11.5884 8.4661 6.2642 18.3884 9.4232 5.8925 6.9732 6.4443 8.7808 0.0000 9.0622 8.2514 9.9982 5.0721 12.5752 8.0720 7.5185 5.0369 9.4503 10.4996 8.4159 9.5420 6.4733 9.6394 9.7320 8.8981 9.0917 11.7130 9.8264 11.4023 7.3192 13.0002 13.2885 11.5192 5.3159 8.4025
c3ar_human.pdb 5.8340 18.7734 7.4623 13.2185 13.1191 10.8638 15.1172 7.0092 15.7191 12.6756 13.5579 13.0963 10.4021 14.7095 15.4085 9.0498 9.8158 9.6777 7.7494 13.0794 11.4095 6.7946 13.5576 14.7404 14.7890 4.3333 15.6891 13.5336 16.1491 13.3082 5.8824 5.8731 7.6571 11.6621 10.1054 9.8087 11.0360 8.8622 5.1832 6.0711 10.4050 5.9602 10.6059 10.7698 8.4839 16.7493 9.7567 7.4197 9.0622 0.0000 10.7552 11.7513 9.0544 14.2479 6.7064 9.3898 13.1630 13.4201 10.3638 17.1068 8.7227 6.4909 14.6644 17.7281 8.7042 13.0486 18.1901 9.4716 12.3336 13.2522 12.1078 11.3973 8.3163 14.6275 8.6160
oxyr_human.pdb 10.2007 22.9001 11.3305 9.1813 10.5521 11.3350 10.8605 8.2842 16.7193 11.7490 11.4997 8.6212 10.3825 10.6249 14.9354 10.2972 12.1451 10.0645 4.8448 10.8074 8.6985 9.5026 13.9035 10.4250 11.1826 10.4890 11.2287 10.9945 13.7711 9.9898 6.8442 14.0234 6.5105 9.3278 8.8669 8.0022 8.8262 12.3437 6.4840 15.7920 8.8176 10.4160 21.0856 14.5496 12.2820 12.0687 7.3511 6.6201 8.2514 10.7552 0.0000 13.4277 5.3970 14.7526 12.2468 10.1940 9.3081 11.7274 8.2922 12.2484 12.5064 12.4774 9.7326 15.2517 6.9917 11.6657 16.5011 9.3644 12.4371 12.0684 14.7139 14.7214 9.6308 10.5842 9.1501
npff2_human.pdb 7.3459 28.9600 19.0967 16.4051 15.7865 23.9773 16.3739 9.7308 15.6364 16.0266 13.5624 10.6721 19.2453 18.7031 16.5705 18.1601 20.9044 13.3050 9.7390 15.1468 19.6446 9.8488 17.5655 15.9066 18.7805 12.0277 13.4440 11.7834 17.6672 13.7701 6.7465 13.2849 5.8771 15.3984 13.3783 11.9415 10.9332 14.9612 6.6083 15.6042 18.6931 12.5390 27.2324 14.6904 12.5421 15.5452 9.1498 19.9134 9.9982 11.7513 13.4277 0.0000 11.8150 29.5960 9.1138 13.7208 13.6425 16.6702 21.9598 13.3316 16.8992 11.2160 24.8079 21.2046 13.7466 12.9287 21.2168 16.5288 15.6203 20.9183 22.0723 30.8610 19.3691 13.6524 7.9445
gnrhr_human.pdb 5.5659 11.7421 9.0715 5.2857 5.8200 12.2590 9.4608 6.5821 7.8846 4.6468 9.0536 4.5237 7.3649 5.7250 12.0210 5.8536 10.2985 7.5877 5.0728 7.1580 8.3612 6.3092 6.5254 5.1001 5.1432 8.9867 4.5388 7.4569 6.0386 5.9673 6.3054 6.8346 5.1403 4.3850 5.3121 5.3235 8.7104 6.6613 8.9637 11.3284 9.1741 5.9033 16.5447 7.9614 6.1247 5.8480 4.9929 9.9970 5.0721 9.0544 5.3970 11.8150 0.0000 12.4722 7.1196 9.1783 4.4289 7.4997 8.7496 8.4899 11.2023 5.9216 11.5271 9.2031 7.6204 8.1719 9.4794 7.1788 10.4912 6.4593 10.7410 13.1247 10.1775 5.3948 7.0363
rxfp1_human.pdb 12.7857 25.0938 16.6701 17.0793 14.6610 21.7139 14.3139 12.8893 20.0776 17.5200 11.0270 9.9103 15.2664 14.0002 12.4547 17.6021 16.0422 18.7780 14.1527 14.4749 22.7731 12.3532 20.6436 14.7825 14.0006 16.3550 14.6895 10.8737 18.4226 15.3308 8.1733 20.7000 5.6364 12.7121 14.3667 15.0102 11.2816 18.2662 7.6782 11.8219 16.6454 14.9774 30.2147 13.8483 15.1368 16.5618 12.7254 20.6600 12.5752 14.2479 14.7526 29.5960 12.4722 0.0000 16.3034 18.5026 14.1933 20.7566 23.0511 12.0033 20.4967 18.5257 24.2587 19.2842 15.7992 12.0730 23.4141 16.1315 17.2062 21.0009 22.0109 13.2536 16.3191 14.2933 13.2830
galr1_human.pdb 7.6320 15.8019 9.2767 7.3413 12.2144 9.9719 11.0732 7.9740 14.3629 10.2150 11.5119 10.6904 13.8338 13.4549 8.9261 9.0469 8.4192 7.6294 6.3215 8.8645 11.6400 9.3724 10.1018 8.5403 13.6447 7.3937 11.1718 9.6822 13.0712 12.3860 7.6024 7.0823 8.1215 14.2895 8.2328 8.5624 7.5614 10.0482 4.8047 9.3215 7.3569 7.7575 15.7638 10.4560 10.2915 8.8755 7.1972 5.0313 8.0720 6.7064 12.2468 9.1138 7.1196 16.3034 0.0000 12.0200 10.4636 10.2781 8.9208 7.8156 10.6038 6.3860 9.0405 13.2384 5.5923 10.3991 12.2934 12.5474 10.2382 11.8954 15.1430 9.4154 11.4704 9.6724 6.5798
par2_human.pdb 8.8082 20.8938 16.8008 12.9164 9.3007 15.3383 13.7010 10.0578 15.9076 11.3384 11.0138 7.0849 12.7842 11.3245 15.9213 13.0641 18.6819 11.9315 9.1126 12.3933 11.2842 8.8777 11.9968 12.4310 10.0784 10.0942 8.0983 8.8129 15.0425 11.0725 6.6558 12.7800 5.8707 11.6628 9.7081 9.5952 11.0364 10.9097 8.9740 13.9005 13.8760 9.8352 24.0507 12.3257 11.0273 10.7226 8.7349 14.3876 7.5185 9.3898 10.1940 13.7208 9.1783 18.5026 12.0200 0.0000 7.2862 14.5035 12.6755 9.9543 10.0427 10.4868 14.6926 13.7680 12.6971 10.2796 16.9234 10.7852 13.0760 11.6969 18.0467 18.8873 15.0984 9.6840 8.2408
trfr_human.pdb 8.9907 28.0082 3.7534 11.0628 10.8982 8.3530 15.2593 9.0688 16.6832 12.3912 14.3004 10.5406 10.9462 11.7441 9.1756 8.6720 6.6505 10.2357 5.9506 10.2976 12.5535 9.0783 13.9564 8.1836 10.4137 12.2244 14.1452 9.3217 11.9013 13.8046 7.0605 13.6016 5.7510 13.8942 6.3072 6.0332 11.7575 9.6109 6.1898 9.3662 7.9205 9.0056 13.9432 8.4727 12.7781 11.2282 8.6227 10.3767 5.0369 13.1630 9.3081 13.6425 4.4289 14.1933 10.4636 7.2862 0.0000 6.7840 9.1184 10.6143 10.6049 12.5215 9.4096 13.9017 6.2620 7.8148 15.5416 9.3766 9.9513 14.2544 10.2242 12.8807 11.2009 9.6828 9.4197
par1_human.pdb 6.5806 17.4155 9.9837 12.2397 9.7607 16.4010 12.3587 9.6849 9.8308 12.2135 11.0249 7.5459 10.5331 9.9646 13.5629 9.2428 11.8350 15.5209 12.0264 10.6175 13.7701 6.7918 11.6191 12.0309 9.5903 13.2296 14.1269 12.9517 14.2890 12.4231 6.9102 13.2908 5.6037 8.2998 11.1428 11.3510 8.8377 7.4647 11.1287 12.7333 12.3275 8.6552 20.8486 12.4965 8.2022 13.3499 10.7983 12.1858 9.4503 13.4201 11.7274 16.6702 7.4997 20.7566 10.2781 14.5035 6.7840 0.0000 12.8365 11.9501 13.5861 10.6966 14.8525 17.0021 14.7777 11.2066 14.6140 13.3837 15.0597 13.2883 15.6656 17.4256 10.8539 9.2109 13.9032
par3_human.pdb 7.9160 14.3833 15.3940 11.1669 9.2920 15.5915 11.0615 9.7778 11.3115 9.7035 9.5340 8.3272 10.9962 11.8791 17.4255 16.7728 16.0580 9.0307 7.9347 12.1882 15.6350 7.5221 8.6369 11.2574 8.6836 10.0235 6.8920 8.9373 11.5855 9.1830 9.0649 9.1365 6.2939 8.2097 11.7610 9.3178 7.8826 9.2475 9.0940 13.8548 11.9010 10.4121 20.1105 12.4630 4.5733 10.3779 8.8328 9.5200 10.4996 10.3638 8.2922 21.9598 8.7496 23.0511 8.9208 12.6755 9.1184 12.8365 0.0000 9.1165 15.7938 7.7451 15.5632 12.9702 10.8734 10.5027 13.8070 9.6044 11.4561 10.0922 16.2717 23.6105 14.2548 10.3390 10.0248
cckar_human.pdb 6.8358 13.9345 9.6015 12.4513 9.4104 11.7394 13.6527 7.7782 11.3984 14.2868 12.5540 16.5878 10.4236 10.8658 10.9632 12.3060 8.4248 14.7175 10.9577 13.9895 12.6781 6.8120 9.7744 9.5862 9.9612 17.2767 15.1551 9.8840 17.2908 13.0660 8.5771 15.8176 6.5150 9.7628 9.3757 9.2581 12.1396 9.1325 7.1365 11.7622 7.5425 7.1412 21.8347 12.6202 14.0540 11.0594 12.0747 7.6465 8.4159 17.1068 12.2484 13.3316 8.4899 12.0033 7.8156 9.9543 10.6143 11.9501 9.1165 0.0000 11.0943 15.4514 10.6983 16.0198 10.0764 10.0706 11.9797 9.9762 14.0949 11.5929 14.0366 14.7498 12.5810 10.6881 13.1109
par4_human.pdb 9.3217 21.4796 15.8878 16.4673 10.6000 14.7049 16.8760 10.7230 17.6997 13.5731 10.3148 7.7590 14.7929 13.4626 15.3750 14.8661 17.7996 10.5229 9.9795 13.3481 13.3455 8.7484 10.9362 15.3019 11.9416 9.3182 10.4984 8.0464 18.3495 14.3818 6.8190 14.0042 5.6894 13.7356 13.9377 13.4804 8.6241 10.1343 7.7095 11.6974 12.8814 10.3506 22.0893 12.8608 7.3923 14.0045 10.8284 16.1210 9.5420 8.7227 12.5064 16.8992 11.2023 20.4967 10.6038 10.0427 10.6049 13.5861 15.7938 11.0943 0.0000 10.0581 14.3652 16.3839 11.9463 9.4950 16.9642 13.0733 13.4102 13.0295 17.0986 18.4683 17.0262 10.6521 10.5860
fpr3_human.pdb 7.8537 24.8007 7.4638 11.3241 12.8381 10.0204 16.0361 9.2321 17.4142 11.1435 14.0612 11.5867 13.2783 15.1457 14.4930 8.2466 9.5421 7.8879 5.3130 10.1317 12.2447 9.6623 14.2923 11.8381 16.0644 6.2719 14.8423 12.9202 12.7649 14.3921 5.1273 5.8412 5.6751 13.6529 7.3346 7.4012 8.4027 9.4545 6.7272 8.7034 8.7238 7.8760 13.4460 10.3437 8.6260 15.4875 7.5506 6.7278 6.4733 6.4909 12.4774 11.2160 5.9216 18.5257 6.3860 10.4868 12.5215 10.6966 7.7451 15.4514 10.0581 0.0000 11.5758 17.7034 5.6809 12.2347 18.4184 11.7326 12.5894 13.6127 12.7922 11.7146 11.2720 13.3653 7.1806
ednrb_human.pdb 7.1457 19.4570 15.5568 12.4240 9.8038 9.8350 13.5386 9.2032 14.8705 11.5106 11.4244 7.1807 10.8588 11.5583 18.4835 17.8582 15.9519 10.9990 7.6190 11.9883 12.0210 7.0602 11.4602 12.2586 8.2942 14.9208 5.5312 9.7396 14.5730 9.8567 8.9046 13.4297 5.7832 10.3226 12.2167 9.2525 10.2598 11.7521 10.2278 14.5356 10.0686 12.8391 21.5783 14.5221 11.7488 10.3659 7.1751 14.5886 9.6394 14.6644 9.7326 24.8079 11.5271 24.2587 9.0405 14.6926 9.4096 14.8525 15.5632 10.6983 14.3652 11.5758 0.0000 12.3886 6.7278 11.6485 15.3197 9.7909 13.5568 10.9060 14.8527 25.0697 17.7426 9.8856 13.5589
nk3r_human.pdb 10.3736 26.2973 17.5049 15.0378 17.0963 15.1981 14.4025 8.4840 22.7945 14.4733 16.6998 13.4690 18.1468 15.8359 17.5509 17.4421 18.1341 18.2954 11.0191 15.6525 15.3703 9.3668 17.9679 11.8387 15.8965 18.9557 12.3557 11.0503 18.2272 16.5436 7.7338 19.6800 7.0184 19.6118 11.1628 11.0538 12.3690 16.1712 11.1765 14.5998 12.1274 13.4596 27.3790 17.2798 14.5519 13.1868 10.8132 17.1510 9.7320 17.7281 15.2517 21.2046 9.2031 19.2842 13.2384 13.7680 13.9017 17.0021 12.9702 16.0198 16.3839 17.7034 12.3886 0.0000 12.2020 13.8864 21.0583 13.2966 16.3884 15.6222 18.9036 19.7839 17.8981 13.5556 13.8927
agtr2_human.pdb 5.4218 16.3539 15.3022 12.2917 9.7902 9.2354 13.5373 6.9882 13.2513 9.2573 10.2995 7.3763 11.4033 10.0167 18.9578 10.9969 15.2890 6.6457 5.9745 12.0251 8.7422 5.1334 8.7126 13.2260 8.2414 9.0848 7.4717 10.6578 14.2789 8.9773 6.8464 9.7463 5.2276 7.0909 12.1010 8.4488 8.3560 10.1975 6.9417 12.9762 9.6141 12.1795 18.0234 14.8556 7.8075 10.3027 6.6737 9.9068 8.8981 8.7042 6.9917 13.7466 7.6204 15.7992 5.5923 12.6971 6.2620 14.7777 10.8734 10.0764 11.9463 5.6809 6.7278 12.2020 0.0000 12.9642 14.9241 8.9579 13.4576 9.4291 14.3916 15.5196 14.0344 7.9095 11.7994
c5ar1_human.pdb 6.7585 14.3295 6.9231 10.5147 9.6320 12.6017 9.0047 8.1748 8.6579 10.8635 10.4584 7.3870 8.8001 9.0721 8.8753 9.2769 8.0127 13.2106 11.1596 10.1330 12.6775 7.5372 10.2310 7.6827 10.7993 13.5088 10.6502 4.6327 13.8666 8.7316 6.8420 13.1842 7.1317 8.3580 9.7371 10.5027 10.3927 5.8526 9.6360 8.7192 8.8819 6.3212 18.9273 11.4055 9.5524 11.9441 10.7242 8.3635 9.0917 13.0486 11.6657 12.9287 8.1719 12.0730 10.3991 10.2796 7.8148 11.2066 10.5027 10.0706 9.4950 12.2347 11.6485 13.8864 12.9642 0.0000 10.7854 9.8514 13.3878 12.5824 13.5281 12.1640 7.6304 9.2901 12.7760
npff1_human.pdb 7.5711 24.0968 7.0983 12.9325 15.8404 14.5892 13.5604 8.3916 21.3011 16.0438 13.4660 10.2155 15.1860 17.5339 14.2578 14.0679 10.2682 17.5541 13.1843 11.6195 18.5746 7.4711 15.1151 12.3082 20.0023 18.6157 15.5981 10.1967 17.7744 18.3971 7.1434 21.0694 6.3945 19.2394 12.8317 12.5032 9.1461 10.9484 8.4796 10.6323 10.6059 12.9296 25.1975 15.5541 10.7387 16.5422 11.0939 12.7812 11.7130 18.1901 16.5011 21.2168 9.4794 23.4141 12.2934 16.9234 15.5416 14.6140 13.8070 11.9797 16.9642 18.4184 15.3197 21.0583 14.9241 10.7854 0.0000 15.6468 15.7469 16.9684 16.8504 19.1802 10.7753 11.3547 17.8101
ssr5_human.pdb 11.8895 23.6425 11.6063 9.8930 9.5688 10.6301 11.3771 8.6702 18.9584 9.8888 12.1932 8.2305 8.3732 10.1868 14.3551 10.7201 12.7667 11.0802 6.5236 12.0193 10.8841 11.5562 13.3734 8.4554 8.0228 9.3194 9.0841 7.1701 15.0359 10.8022 7.7873 12.9117 7.9212 9.9090 9.9619 7.8001 11.8001 11.3061 8.7671 11.8404 10.3492 11.2068 19.3633 11.0766 14.0144 9.5951 7.0112 9.4557 9.8264 9.4716 9.3644 16.5288 7.1788 16.1315 12.5474 10.7852 9.3766 13.3837 9.6044 9.9762 13.0733 11.7326 9.7909 13.2966 8.9579 9.8514 15.6468 0.0000 10.9780 10.8512 14.5275 14.8911 11.1972 11.2142 10.6284
gasr_human.pdb 6.8828 18.6370 13.8730 12.7735 11.4093 12.3536 12.7380 6.2732 12.3830 11.2528 11.9126 14.4361 12.9785 12.4731 17.7890 11.8824 14.9586 12.1174 12.0407 13.4225 12.6248 7.7990 13.0681 14.2551 11.1094 12.8127 12.4892 11.5819 17.3744 10.1254 6.9916 11.9573 9.1861 9.5530 13.6533 11.2163 11.9741 10.5283 8.8171 9.2396 10.9361 10.7492 20.9935 13.6893 9.3664 12.7328 9.6754 8.4881 11.4023 12.3336 12.4371 15.6203 10.4912 17.2062 10.2382 13.0760 9.9513 15.0597 11.4561 14.0949 13.4102 12.5894 13.5568 16.3884 13.4576 13.3878 15.7469 10.9780 0.0000 15.0301 15.9433 16.3081 11.8322 10.7303 14.3138
ssr4_human.pdb 8.1071 24.8216 12.9254 9.7722 12.8320 9.1617 13.4577 7.7880 23.9903 8.9896 12.8104 7.3220 13.3572 13.4916 18.7245 10.5731 12.7920 13.3523 9.2234 10.5207 13.8214 6.7972 12.0316 10.1506 15.3725 14.0589 13.1024 10.9219 13.4519 17.7187 6.4258 16.3215 6.1361 18.2537 8.4836 5.8339 10.8455 12.4805 9.4039 11.3858 10.1625 11.3629 21.3954 12.8428 9.1781 14.9372 6.0767 12.3036 7.3192 13.2522 12.0684 20.9183 6.4593 21.0009 11.8954 11.6969 14.2544 13.2883 10.0922 11.5929 13.0295 13.6127 10.9060 15.6222 9.4291 12.5824 16.9684 10.8512 15.0301 0.0000 15.7561 18.9356 13.1918 9.6186 15.0305
mtlr_human.pdb 11.3375 29.2572 10.7517 15.1855 12.5992 13.7795 15.9507 12.3230 21.5703 13.6320 12.0492 11.4892 14.9206 13.8061 18.3122 13.3072 14.3147 14.1875 14.1288 14.3688 18.0793 11.8017 16.2559 15.3526 12.9882 11.1252 12.5713 13.4522 17.4459 15.0031 9.9039 16.3324 9.3116 13.9528 15.2374 12.9227 13.2338 13.8038 12.1753 13.5232 14.0316 16.7347 16.4383 14.4664 12.8364 15.0257 11.6674 16.0066 13.0002 12.1078 14.7139 22.0723 10.7410 22.0109 15.1430 18.0467 10.2242 15.6656 16.2717 14.0366 17.0986 12.7922 14.8527 18.9036 14.3916 13.5281 16.8504 14.5275 15.9433 15.7561 0.0000 17.9452 13.9531 12.3243 18.7591
rxfp2_human.pdb 6.8189 22.4423 15.5182 18.7630 12.4007 21.6684 15.6121 11.9382 19.2121 15.4910 9.5347 9.7838 14.6244 14.9530 13.8464 14.5190 15.0499 14.0134 14.5476 14.8407 20.7800 7.7675 15.5679 15.7768 14.5352 13.1707 14.4979 11.2170 19.3518 14.5191 7.6786 13.3773 5.7934 11.9748 15.4913 15.5682 11.7077 13.0655 7.8554 10.6724 16.8398 11.2993 23.4751 14.2941 7.1790 17.7620 13.4475 20.3333 13.2885 11.3973 14.7214 30.8610 13.1247 13.2536 9.4154 18.8873 12.8807 17.4256 23.6105 14.7498 18.4683 11.7146 25.0697 19.7839 15.5196 12.1640 19.1802 14.8911 16.3081 18.9356 17.9452 0.0000 15.7331 13.7303 13.0346
ssr1_human.pdb 8.9400 13.5041 7.9670 11.7667 11.5033 18.3912 9.5199 9.1871 12.4828 13.9040 10.8014 10.0788 9.6693 14.2626 13.6076 13.5412 9.7178 12.3540 10.8858 11.7840 16.0409 9.0321 13.0155 9.0511 12.3868 8.0821 11.8401 7.4740 18.9116 9.4800 7.3815 13.4107 7.5468 9.0074 12.5115 11.3734 11.3308 10.5692 8.1260 10.6267 11.1083 11.0366 18.4616 10.3125 14.3502 10.7591 11.7177 8.9552 11.5192 8.3163 9.6308 19.3691 10.1775 16.3191 11.4704 15.0984 11.2009 10.8539 14.2548 12.5810 17.0262 11.2720 17.7426 17.8981 14.0344 7.6304 10.7753 11.1972 11.8322 13.1918 13.9531 15.7331 0.0000 10.2169 13.0709
grpr_human.pdb 8.0200 19.6073 8.5611 8.7146 10.1207 10.7478 9.9788 8.6038 15.0034 9.5190 9.6178 7.9602 10.7406 10.4555 11.6235 8.1221 7.9356 11.9041 7.4637 7.8187 10.1462 8.0607 12.3606 8.0505 11.7982 14.9196 9.3576 8.8021 14.6420 10.6059 6.7092 14.3181 7.1422 13.4864 6.8055 8.3325 10.0098 8.7755 8.2647 9.5310 8.0989 7.4746 19.7063 8.7507 13.2701 8.2680 7.6724 8.1162 5.3159 14.6275 10.5842 13.6524 5.3948 14.2933 9.6724 9.6840 9.6828 9.2109 10.3390 10.6881 10.6521 13.3653 9.8856 13.5556 7.9095 9.2901 11.3547 11.2142 10.7303 9.6186 12.3243 13.7303 10.2169 0.0000 11.0286
oprx_human.pdb 5.9293 18.4974 16.8688 12.4142 10.1653 14.6669 11.4289 8.4087 11.9999 10.4989 8.9191 9.0471 11.3439 13.2544 15.8764 10.9334 15.9946 12.3063 8.0643 12.0857 9.9849 6.3717 11.8439 12.8344 11.8373 10.0780 11.1157 12.0212 14.7376 10.0883 7.0359 8.1411 4.8203 8.9415 10.3467 10.0719 8.8884 10.4629 6.2729 14.7878 13.5622 7.6447 23.3768 12.7007 6.7915 13.6372 8.5876 9.3901 8.4025 8.6160 9.1501 7.9445 7.0363 13.2830 6.5798 8.2408 9.4197 13.9032 10.0248 13.1109 10.5860 7.1806 13.5589 13.8927 11.7994 12.7760 17.8101 10.6284 14.3138 15.0305 18.7591 13.0346 13.0709 11.0286 0.0000
