19
cxcr5_human.pdb 1.0000 0.7297 0.7473 0.7209 0.7538 0.7648 0.7341 0.7451 0.7560 0.7626 0.7912 0.7802 0.7275 0.7495 0.7780 0.7231 0.6813 0.7407 0.7868
cxcr4_human.pdb 0.7297 1.0000 0.6967 0.7407 0.7582 0.6967 0.6725 0.6967 0.7011 0.7011 0.7143 0.7165 0.7209 0.7011 0.7077 0.7385 0.7077 0.7319 0.7165
cx3c1_human.pdb 0.7473 0.6967 1.0000 0.6923 0.7165 0.7407 0.7231 0.7319 0.7385 0.7363 0.7473 0.7560 0.6835 0.7407 0.7407 0.6989 0.6681 0.7187 0.7626
ccr8_human.pdb 0.7209 0.7407 0.6923 1.0000 0.7473 0.6901 0.6637 0.6923 0.6923 0.6967 0.7033 0.7121 0.7165 0.6945 0.7033 0.7538 0.7319 0.7275 0.7121
ccr10_human.pdb 0.7538 0.7582 0.7165 0.7473 1.0000 0.7165 0.6945 0.7165 0.7209 0.7209 0.7363 0.7407 0.7253 0.7231 0.7341 0.7495 0.7077 0.7495 0.7407
ccr3_human.pdb 0.7648 0.6967 0.7407 0.6901 0.7165 1.0000 0.7473 0.7209 0.7187 0.7319 0.7451 0.7495 0.6813 0.7209 0.7582 0.7033 0.6637 0.7055 0.7429
cxcr6_human.pdb 0.7341 0.6725 0.7231 0.6637 0.6945 0.7473 1.0000 0.7033 0.6945 0.7055 0.7209 0.7253 0.6505 0.6967 0.7341 0.6813 0.6440 0.6747 0.7143
cxcr1_human.pdb 0.7451 0.6967 0.7319 0.6923 0.7165 0.7209 0.7033 1.0000 0.7253 0.7516 0.7604 0.7692 0.6791 0.7275 0.7231 0.6923 0.6637 0.7033 0.7429
ccr1_human.pdb 0.7560 0.7011 0.7385 0.6923 0.7209 0.7187 0.6945 0.7253 1.0000 0.7297 0.7495 0.7495 0.7033 0.7692 0.7297 0.6945 0.6549 0.7319 0.7780
cxcr2_human.pdb 0.7626 0.7011 0.7363 0.6967 0.7209 0.7319 0.7055 0.7516 0.7297 1.0000 0.7824 0.7912 0.6923 0.7319 0.7385 0.6923 0.6615 0.7077 0.7582
ccr7_human.pdb 0.7912 0.7143 0.7473 0.7033 0.7363 0.7451 0.7209 0.7604 0.7495 0.7824 1.0000 0.8022 0.7231 0.7429 0.7538 0.7033 0.6637 0.7275 0.7890
ccr9_human.pdb 0.7802 0.7165 0.7560 0.7121 0.7407 0.7495 0.7253 0.7692 0.7495 0.7912 0.8022 1.0000 0.7033 0.7516 0.7560 0.7077 0.6725 0.7275 0.7780
cxcr3_human.pdb 0.7275 0.7209 0.6835 0.7165 0.7253 0.6813 0.6505 0.6791 0.7033 0.6923 0.7231 0.7033 1.0000 0.6945 0.6879 0.7297 0.6835 0.7780 0.7319
ccr5_human.pdb 0.7495 0.7011 0.7407 0.6945 0.7231 0.7209 0.6967 0.7275 0.7692 0.7319 0.7429 0.7516 0.6945 1.0000 0.7297 0.6967 0.6571 0.7275 0.7714
ccr4_human.pdb 0.7780 0.7077 0.7407 0.7033 0.7341 0.7582 0.7341 0.7231 0.7297 0.7385 0.7538 0.7560 0.6879 0.7297 1.0000 0.7011 0.6659 0.7143 0.7495
cml1_human.pdb 0.7231 0.7385 0.6989 0.7538 0.7495 0.7033 0.6813 0.6923 0.6945 0.6923 0.7033 0.7077 0.7297 0.6967 0.7011 1.0000 0.7121 0.7429 0.7143
xcr1_human.pdb 0.6813 0.7077 0.6681 0.7319 0.7077 0.6637 0.6440 0.6637 0.6549 0.6615 0.6637 0.6725 0.6835 0.6571 0.6659 0.7121 1.0000 0.6879 0.6725
ccr2_human.pdb 0.7407 0.7319 0.7187 0.7275 0.7495 0.7055 0.6747 0.7033 0.7319 0.7077 0.7275 0.7275 0.7780 0.7275 0.7143 0.7429 0.6879 1.0000 0.7538
ccr6_human.pdb 0.7868 0.7165 0.7626 0.7121 0.7407 0.7429 0.7143 0.7429 0.7780 0.7582 0.7890 0.7780 0.7319 0.7714 0.7495 0.7143 0.6725 0.7538 1.0000
