19
cxcr5_human.pdb 282.4239 80.3532 77.2132 48.4704 72.7251 34.7175 67.6322 16.3032 89.9530 43.8475 111.6791 67.0493 146.4202 82.8409 0.0000 47.9588 95.8339 63.3407 61.9495
cxcr4_human.pdb 80.3532 282.4239 141.9283 116.1771 95.9046 85.9059 155.9906 108.4602 79.1852 129.0613 184.5478 123.6113 103.8481 137.1573 117.3207 90.6458 107.7945 139.2377 89.4232
cx3c1_human.pdb 77.2132 141.9283 282.4239 149.2568 74.8161 62.9772 60.1885 70.3020 25.0622 59.2727 120.4473 69.3292 98.4908 42.0069 76.5441 122.9772 154.8317 94.0670 28.6773
ccr8_human.pdb 48.4704 116.1771 149.2568 282.4239 136.5861 118.5245 160.7790 99.7973 107.7025 117.9292 189.0783 95.8515 152.1083 132.3135 163.5811 74.4470 26.1867 146.4452 64.4355
ccr10_human.pdb 72.7251 95.9046 74.8161 136.5861 282.4239 53.6793 69.1995 66.3599 49.1441 44.9466 158.7365 59.7752 113.2991 66.5756 74.3985 93.8230 152.0160 84.0108 56.0814
ccr3_human.pdb 34.7175 85.9059 62.9772 118.5245 53.6793 282.4239 48.7963 38.2578 21.6059 54.6254 138.6943 78.1151 86.1170 28.6180 6.2676 36.5527 117.2388 77.7530 26.6953
cxcr6_human.pdb 67.6322 155.9906 60.1885 160.7790 69.1995 48.7963 282.4239 67.7962 66.9429 55.4810 116.2950 82.6336 132.3574 39.6753 83.6705 40.4199 144.2033 62.2121 48.2586
cxcr1_human.pdb 16.3032 108.4602 70.3020 99.7973 66.3599 38.2578 67.7962 282.4239 75.5750 69.9201 62.9998 21.7855 156.9613 36.1214 48.0466 68.3926 72.7591 97.1433 17.9618
ccr1_human.pdb 89.9530 79.1852 25.0622 107.7025 49.1441 21.6059 66.9429 75.5750 282.4239 46.5314 127.3303 80.5746 100.2916 5.3340 69.1490 76.2506 96.6824 48.1461 0.8272
cxcr2_human.pdb 43.8475 129.0613 59.2727 117.9292 44.9466 54.6254 55.4810 69.9201 46.5314 282.4239 106.6134 48.7398 75.1220 51.6921 78.6684 66.5641 125.9222 25.2464 62.8051
ccr7_human.pdb 111.6791 184.5478 120.4473 189.0783 158.7365 138.6943 116.2950 62.9998 127.3303 106.6134 282.4239 91.5695 150.8907 88.8439 171.5259 164.8229 179.2585 125.0812 57.7358
ccr9_human.pdb 67.0493 123.6113 69.3292 95.8515 59.7752 78.1151 82.6336 21.7855 80.5746 48.7398 91.5695 282.4239 138.5043 53.2237 85.4633 85.3087 107.5852 126.6402 52.8766
cxcr3_human.pdb 146.4202 103.8481 98.4908 152.1083 113.2991 86.1170 132.3574 156.9613 100.2916 75.1220 150.8907 138.5043 282.4239 89.7979 115.6657 105.3701 143.7281 18.9696 99.2033
ccr5_human.pdb 82.8409 137.1573 42.0069 132.3135 66.5756 28.6180 39.6753 36.1214 5.3340 51.6921 88.8439 53.2237 89.7979 282.4239 72.2373 45.3711 135.1086 95.9288 36.7470
ccr4_human.pdb 0.0000 117.3207 76.5441 163.5811 74.3985 6.2676 83.6705 48.0466 69.1490 78.6684 171.5259 85.4633 115.6657 72.2373 282.4239 75.7550 162.6513 76.4837 78.7966
cml1_human.pdb 47.9588 90.6458 122.9772 74.4470 93.8230 36.5527 40.4199 68.3926 76.2506 66.5641 164.8229 85.3087 105.3701 45.3711 75.7550 282.4239 40.3913 91.6543 61.0296
xcr1_human.pdb 95.8339 107.7945 154.8317 26.1867 152.0160 117.2388 144.2033 72.7591 96.6824 125.9222 179.2585 107.5852 143.7281 135.1086 162.6513 40.3913 282.4239 141.0897 71.1359
ccr2_human.pdb 63.3407 139.2377 94.0670 146.4452 84.0108 77.7530 62.2121 97.1433 48.1461 25.2464 125.0812 126.6402 18.9696 95.9288 76.4837 91.6543 141.0897 282.4239 84.5545
ccr6_human.pdb 61.9495 89.4232 28.6773 64.4355 56.0814 26.6953 48.2586 17.9618 0.8272 62.8051 57.7358 52.8766 99.2033 36.7470 78.7966 61.0296 71.1359 84.5545 282.4239
