19
cxcr5_human.pdb 0.0000 14.1852 8.4768 14.0282 11.5908 7.5510 6.8724 6.1915 10.2208 8.2127 19.9515 8.0247 12.4061 9.6988 8.3080 9.8741 10.7987 19.0241 11.1662
cxcr4_human.pdb 14.1852 0.0000 10.1480 11.1911 13.7490 9.8120 10.8168 14.0507 8.9092 12.3526 14.9368 15.5388 11.8749 9.5896 10.4559 11.4399 9.6466 16.3269 12.1358
cx3c1_human.pdb 8.4768 10.1480 0.0000 13.6099 8.9921 7.1809 7.9718 8.7243 3.9935 5.3560 11.6085 9.3572 7.8141 5.7964 6.1655 8.0844 11.3173 16.3728 8.4019
ccr8_human.pdb 14.0282 11.1911 13.6099 0.0000 16.0444 10.5832 11.1248 14.3598 12.2056 14.2449 18.9717 14.9748 17.5808 11.6142 13.4087 13.5363 5.0805 19.6747 14.3332
ccr10_human.pdb 11.5908 13.7490 8.9921 16.0444 0.0000 10.3076 10.7788 9.7171 9.6943 10.2579 18.1818 9.7672 10.8501 12.0529 11.1002 9.4505 13.6445 13.4314 10.7520
ccr3_human.pdb 7.5510 9.8120 7.1809 10.5832 10.3076 0.0000 8.0522 8.5727 4.7668 7.3493 15.1638 9.4270 10.7318 6.9914 5.6476 8.8527 8.8644 18.0191 7.6087
cxcr6_human.pdb 6.8724 10.8168 7.9718 11.1248 10.7788 8.0522 0.0000 8.9718 5.7391 8.0218 11.1444 9.7503 9.8838 5.0038 7.4839 7.7687 9.1704 15.4205 7.7678
cxcr1_human.pdb 6.1915 14.0507 8.7243 14.3598 9.7171 8.5727 8.9718 0.0000 6.3578 7.9597 13.3175 4.7921 9.7716 7.9119 9.5578 9.8370 11.6530 17.2594 6.0157
ccr1_human.pdb 10.2208 8.9092 3.9935 12.2056 9.6943 4.7668 5.7391 6.3578 0.0000 7.1422 13.8418 8.4533 11.4550 5.9454 7.2372 7.9064 9.7593 18.1210 7.3279
cxcr2_human.pdb 8.2127 12.3526 5.3560 14.2449 10.2579 7.3493 8.0218 7.9597 7.1422 0.0000 17.9753 10.3244 8.2014 9.6526 7.7319 9.0309 11.1902 14.6812 10.5430
ccr7_human.pdb 19.9515 14.9368 11.6085 18.9717 18.1818 15.1638 11.1444 13.3175 13.8418 17.9753 0.0000 17.7840 20.8926 11.4315 17.4049 14.8445 14.1643 23.0062 13.8857
ccr9_human.pdb 8.0247 15.5388 9.3572 14.9748 9.7672 9.4270 9.7503 4.7921 8.4533 10.3244 17.7840 0.0000 11.6636 10.7817 10.5403 10.8037 11.8831 17.5206 8.4035
cxcr3_human.pdb 12.4061 11.8749 7.8141 17.5808 10.8501 10.7318 9.8838 9.7716 11.4550 8.2014 20.8926 11.6636 0.0000 12.2104 10.6208 10.5533 15.0718 11.0406 14.4613
ccr5_human.pdb 9.6988 9.5896 5.7964 11.6142 12.0529 6.9914 5.0038 7.9119 5.9454 9.6526 11.4315 10.7817 12.2104 0.0000 9.0791 7.4288 9.6947 18.0757 7.6638
ccr4_human.pdb 8.3080 10.4559 6.1655 13.4087 11.1002 5.6476 7.4839 9.5578 7.2372 7.7319 17.4049 10.5403 10.6208 9.0791 0.0000 7.9020 10.2844 18.0078 9.4287
cml1_human.pdb 9.8741 11.4399 8.0844 13.5363 9.4505 8.8527 7.7687 9.8370 7.9064 9.0309 14.8445 10.8037 10.5533 7.4288 7.9020 0.0000 11.6851 11.8566 8.9757
xcr1_human.pdb 10.7987 9.6466 11.3173 5.0805 13.6445 8.8644 9.1704 11.6530 9.7593 11.1902 14.1643 11.8831 15.0718 9.6947 10.2844 11.6851 0.0000 16.8898 10.7544
ccr2_human.pdb 19.0241 16.3269 16.3728 19.6747 13.4314 18.0191 15.4205 17.2594 18.1210 14.6812 23.0062 17.5206 11.0406 18.0757 18.0078 11.8566 16.8898 0.0000 20.1271
ccr6_human.pdb 11.1662 12.1358 8.4019 14.3332 10.7520 7.6087 7.7678 6.0157 7.3279 10.5430 13.8857 8.4035 14.4613 7.6638 9.4287 8.9757 10.7544 20.1271 0.0000
