19
t2r39_human.pdb 1.0000 0.8371 0.8483 0.8596 0.8933 0.8371 0.8624 0.8539 0.8539 0.8455 0.8596 0.8483 0.8343 0.8315 0.8567 0.8118 0.8567 0.9045 0.8539
t2r19_human.pdb 0.8371 1.0000 0.8258 0.8399 0.8399 0.8258 0.8343 0.8399 0.8399 0.8287 0.8343 0.8258 0.8202 0.8090 0.8399 0.8006 0.8371 0.8371 0.8343
t2r10_human.pdb 0.8483 0.8258 1.0000 0.8455 0.8624 0.8230 0.8624 0.8399 0.8539 0.8287 0.8596 0.8399 0.8202 0.8287 0.8539 0.7921 0.8455 0.8483 0.8371
ta2r8_human.pdb 0.8596 0.8399 0.8455 1.0000 0.8680 0.8399 0.8624 0.8483 0.8511 0.8511 0.8596 0.8539 0.8399 0.8315 0.8511 0.8118 0.8624 0.8624 0.8539
t2r38_human.pdb 0.8933 0.8399 0.8624 0.8680 1.0000 0.8399 0.8933 0.8567 0.8680 0.8511 0.8764 0.8792 0.8399 0.8399 0.8848 0.8174 0.8848 0.8961 0.8624
ta2r4_human.pdb 0.8371 0.8258 0.8230 0.8399 0.8399 1.0000 0.8371 0.8258 0.8258 0.8315 0.8315 0.8287 0.8202 0.8062 0.8258 0.8006 0.8399 0.8371 0.8287
ta2r7_human.pdb 0.8624 0.8343 0.8624 0.8624 0.8933 0.8371 1.0000 0.8483 0.8624 0.8455 0.8708 0.8652 0.8343 0.8371 0.8708 0.8090 0.8708 0.8652 0.8539
t2r31_human.pdb 0.8539 0.8399 0.8399 0.8483 0.8567 0.8258 0.8483 1.0000 0.8539 0.8343 0.8483 0.8483 0.8258 0.8230 0.8680 0.8006 0.8511 0.8539 0.8455
t2r20_human.pdb 0.8539 0.8399 0.8539 0.8511 0.8680 0.8258 0.8624 0.8539 1.0000 0.8343 0.8624 0.8455 0.8258 0.8287 0.8680 0.8006 0.8511 0.8539 0.8455
t2r13_human.pdb 0.8455 0.8287 0.8287 0.8511 0.8511 0.8315 0.8455 0.8343 0.8343 1.0000 0.8427 0.8483 0.8287 0.8146 0.8343 0.8006 0.8511 0.8483 0.8399
ta2r9_human.pdb 0.8596 0.8343 0.8596 0.8596 0.8764 0.8315 0.8708 0.8483 0.8624 0.8427 1.0000 0.8539 0.8343 0.8371 0.8624 0.8062 0.8596 0.8624 0.8511
t2r14_human.pdb 0.8483 0.8258 0.8399 0.8539 0.8792 0.8287 0.8652 0.8483 0.8455 0.8483 0.8539 1.0000 0.8258 0.8174 0.8736 0.7978 0.8764 0.8511 0.8399
ta2r1_human.pdb 0.8343 0.8202 0.8202 0.8399 0.8399 0.8202 0.8343 0.8258 0.8258 0.8287 0.8343 0.8258 1.0000 0.8090 0.8258 0.8006 0.8371 0.8371 0.8343
ta2r5_human.pdb 0.8315 0.8090 0.8287 0.8315 0.8399 0.8062 0.8371 0.8230 0.8287 0.8146 0.8371 0.8174 0.8090 1.0000 0.8287 0.7893 0.8258 0.8343 0.8258
t2r30_human.pdb 0.8567 0.8399 0.8539 0.8511 0.8848 0.8258 0.8708 0.8680 0.8680 0.8343 0.8624 0.8736 0.8258 0.8287 1.0000 0.8006 0.8708 0.8567 0.8455
t2r16_human.pdb 0.8118 0.8006 0.7921 0.8118 0.8174 0.8006 0.8090 0.8006 0.8006 0.8006 0.8062 0.7978 0.8006 0.7893 0.8006 1.0000 0.8090 0.8146 0.8146
ta2r3_human.pdb 0.8567 0.8371 0.8455 0.8624 0.8848 0.8399 0.8708 0.8511 0.8511 0.8511 0.8596 0.8764 0.8371 0.8258 0.8708 0.8090 1.0000 0.8596 0.8511
t2r40_human.pdb 0.9045 0.8371 0.8483 0.8624 0.8961 0.8371 0.8652 0.8539 0.8539 0.8483 0.8624 0.8511 0.8371 0.8343 0.8567 0.8146 0.8596 1.0000 0.8567
t2r41_human.pdb 0.8539 0.8343 0.8371 0.8539 0.8624 0.8287 0.8539 0.8455 0.8455 0.8399 0.8511 0.8399 0.8343 0.8258 0.8455 0.8146 0.8511 0.8567 1.0000
