19
t2r39_human.pdb 285.3187 33.6253 49.7898 40.7433 64.6976 52.2726 36.8092 42.4475 32.6167 63.3943 75.1734 64.1159 91.4332 84.0190 40.6217 55.8403 36.4779 26.8770 43.9546
t2r19_human.pdb 33.6253 285.3187 26.4919 51.9142 63.2304 49.7933 29.5426 0.0000 2.5409 42.6018 64.4104 46.5421 80.3520 56.1295 22.9974 41.7754 23.3490 30.0328 42.4531
t2r10_human.pdb 49.7898 26.4919 285.3187 32.3088 56.7241 55.6446 18.9855 24.3036 16.6576 42.1754 60.2885 30.6880 70.3617 48.8189 27.1384 58.3386 26.6243 39.5913 36.4966
ta2r8_human.pdb 40.7433 51.9142 32.3088 285.3187 68.7632 59.3359 29.6808 42.2301 38.1706 41.0690 83.5566 35.9491 56.5690 62.1152 59.9414 48.2951 26.4312 39.6847 44.5303
t2r38_human.pdb 64.6976 63.2304 56.7241 68.7632 285.3187 90.0539 44.1606 63.7824 55.3901 77.4767 75.4197 75.2130 110.2364 71.7070 58.5622 66.0159 64.8305 55.6491 58.2161
ta2r4_human.pdb 52.2726 49.7933 55.6446 59.3359 90.0539 285.3187 43.5921 60.1922 54.6268 61.9040 95.8881 76.0896 77.9928 86.0403 71.2613 62.8905 43.6116 61.9707 54.4722
ta2r7_human.pdb 36.8092 29.5426 18.9855 29.6808 44.1606 43.5921 285.3187 29.9885 19.5932 44.7433 50.0292 40.0766 57.3326 54.8739 25.6319 40.1467 13.1002 22.8313 31.0494
t2r31_human.pdb 42.4475 0.0000 24.3036 42.2301 63.7824 60.1922 29.9885 285.3187 1.0264 43.2370 69.0112 43.0533 77.7956 58.5390 13.1017 41.5090 23.3981 28.6681 37.5531
t2r20_human.pdb 32.6167 2.5409 16.6576 38.1706 55.3901 54.6268 19.5932 1.0264 285.3187 43.8114 45.3252 42.0157 71.0414 53.4860 0.7095 41.3782 26.0968 24.1373 36.1873
t2r13_human.pdb 63.3943 42.6018 42.1754 41.0690 77.4767 61.9040 44.7433 43.2370 43.8114 285.3187 79.2631 21.6825 80.4559 65.4099 49.6648 59.5387 30.2107 60.6651 61.7882
ta2r9_human.pdb 75.1734 64.4104 60.2885 83.5566 75.4197 95.8881 50.0292 69.0112 45.3252 79.2631 285.3187 83.1145 87.0375 75.8336 53.3993 66.1414 55.9559 65.5436 58.4821
t2r14_human.pdb 64.1159 46.5421 30.6880 35.9491 75.2130 76.0896 40.0766 43.0533 42.0157 21.6825 83.1145 285.3187 82.6016 49.5813 43.8657 60.4035 32.7900 60.2044 60.6619
ta2r1_human.pdb 91.4332 80.3520 70.3617 56.5690 110.2364 77.9928 57.3326 77.7956 71.0414 80.4559 87.0375 82.6016 285.3187 85.7481 92.1138 85.2399 78.9328 85.8919 57.5761
ta2r5_human.pdb 84.0190 56.1295 48.8189 62.1152 71.7070 86.0403 54.8739 58.5390 53.4860 65.4099 75.8336 49.5813 85.7481 285.3187 56.7769 63.6211 66.4488 71.7005 63.9613
t2r30_human.pdb 40.6217 22.9974 27.1384 59.9414 58.5622 71.2613 25.6319 13.1017 0.7095 49.6648 53.3993 43.8657 92.1138 56.7769 285.3187 49.7667 38.9361 42.6664 54.2160
t2r16_human.pdb 55.8403 41.7754 58.3386 48.2951 66.0159 62.8905 40.1467 41.5090 41.3782 59.5387 66.1414 60.4035 85.2399 63.6211 49.7667 285.3187 41.6243 42.9802 29.2840
ta2r3_human.pdb 36.4779 23.3490 26.6243 26.4312 64.8305 43.6116 13.1002 23.3981 26.0968 30.2107 55.9559 32.7900 78.9328 66.4488 38.9361 41.6243 285.3187 33.5985 36.6048
t2r40_human.pdb 26.8770 30.0328 39.5913 39.6847 55.6491 61.9707 22.8313 28.6681 24.1373 60.6651 65.5436 60.2044 85.8919 71.7005 42.6664 42.9802 33.5985 285.3187 26.9670
t2r41_human.pdb 43.9546 42.4531 36.4966 44.5303 58.2161 54.4722 31.0494 37.5531 36.1873 61.7882 58.4821 60.6619 57.5761 63.9613 54.2160 29.2840 36.6048 26.9670 285.3187
