19
t2r39_human.pdb 0.0000 2.3691 3.1715 3.1376 4.8290 3.4868 3.3033 2.7537 2.2719 4.2740 5.2088 4.1958 4.9789 4.2898 3.0071 2.6603 3.0690 3.2589 3.3904
t2r19_human.pdb 2.3691 0.0000 2.3063 3.2179 3.7796 3.7484 2.6329 1.3171 1.5241 3.2584 4.6978 3.0221 4.6885 3.5363 1.9573 2.4246 2.5403 2.1034 3.1256
t2r10_human.pdb 3.1715 2.3063 0.0000 3.0616 3.7646 3.6776 2.8083 2.4002 2.4829 2.8460 4.9041 2.5591 4.0131 3.4812 2.5367 2.8918 2.6983 3.0217 2.9726
ta2r8_human.pdb 3.1376 3.2179 3.0616 0.0000 4.4078 4.1625 3.5176 3.3972 3.0438 3.7880 5.4331 3.3900 4.4459 4.1993 3.2987 3.1368 2.7011 3.2136 3.5725
t2r38_human.pdb 4.8290 3.7796 3.7646 4.4078 0.0000 5.2681 4.3808 4.1686 3.8381 4.6621 5.2614 4.7546 6.0465 4.2195 4.0973 3.4337 4.7382 5.0979 3.8985
ta2r4_human.pdb 3.4868 3.7484 3.6776 4.1625 5.2681 0.0000 3.2091 3.9228 4.0758 4.2725 6.7685 4.3278 4.6920 4.5980 4.4489 3.7535 3.1650 3.6633 4.3323
ta2r7_human.pdb 3.3033 2.6329 2.8083 3.5176 4.3808 3.2091 0.0000 2.8266 2.9296 3.6428 5.4350 3.5954 3.6992 4.1181 3.2658 3.0607 2.6802 3.1321 3.5654
t2r31_human.pdb 2.7537 1.3171 2.4002 3.3972 4.1686 3.9228 2.8266 0.0000 1.5790 3.4403 4.6486 5.6027 4.5744 3.7549 4.4095 2.5058 3.4263 2.6829 3.0019
t2r20_human.pdb 2.2719 1.5241 2.4829 3.0438 3.8381 4.0758 2.9296 1.5790 0.0000 3.6251 4.2146 3.2295 4.7265 3.7436 1.5542 2.5006 2.7898 2.2050 3.1684
t2r13_human.pdb 4.2740 3.2584 2.8460 3.7880 4.6621 4.2725 3.6428 3.4403 3.6251 0.0000 5.9052 2.3010 4.6584 3.7943 3.4747 3.5780 3.4177 4.1660 4.0414
ta2r9_human.pdb 5.2088 4.6978 4.9041 5.4331 5.2614 6.7685 5.4350 4.6486 4.2146 5.9052 0.0000 5.8407 6.3934 5.2994 4.1655 4.5047 5.7425 5.0656 4.2024
t2r14_human.pdb 4.1958 3.0221 2.5591 3.3900 4.7546 4.3278 3.5954 5.6027 3.2295 2.3010 5.8407 0.0000 4.4124 3.7151 3.5493 3.4915 3.5951 4.2346 3.8911
ta2r1_human.pdb 4.9789 4.6885 4.0131 4.4459 6.0465 4.6920 3.6992 4.5744 4.7265 4.6584 6.3934 4.4124 0.0000 5.2334 4.9227 4.6582 4.2209 5.0202 4.4465
ta2r5_human.pdb 4.2898 3.5363 3.4812 4.1993 4.2195 4.5980 4.1181 3.7549 3.7436 3.7943 5.2994 3.7151 5.2334 0.0000 3.7718 3.5583 3.8845 4.0715 3.8170
t2r30_human.pdb 3.0071 1.9573 2.5367 3.2987 4.0973 4.4489 3.2658 4.4095 1.5542 3.4747 4.1655 3.5493 4.9227 3.7718 0.0000 2.7388 3.8510 2.9488 3.2452
t2r16_human.pdb 2.6603 2.4246 2.8918 3.1368 3.4337 3.7535 3.0607 2.5058 2.5006 3.5780 4.5047 3.4915 4.6582 3.5583 2.7388 0.0000 2.8405 2.5814 2.6287
ta2r3_human.pdb 3.0690 2.5403 2.6983 2.7011 4.7382 3.1650 2.6802 3.4263 2.7898 3.4177 5.7425 3.5951 4.2209 3.8845 3.8510 2.8405 0.0000 3.0173 3.3849
t2r40_human.pdb 3.2589 2.1034 3.0217 3.2136 5.0979 3.6633 3.1321 2.6829 2.2050 4.1660 5.0656 4.2346 5.0202 4.0715 2.9488 2.5814 3.0173 0.0000 3.0065
t2r41_human.pdb 3.3904 3.1256 2.9726 3.5725 3.8985 4.3323 3.5654 3.0019 3.1684 4.0414 4.2024 3.8911 4.4465 3.8170 3.2452 2.6287 3.3849 3.0065 0.0000
