19
t2r39_human.pdb 1.0000 0.9959 0.9826 0.9895 0.9529 0.9957 0.9644 0.9830 0.9834 0.9907 0.9795 0.9506 0.9907 0.9880 0.9555 0.9922 0.9644 0.9955 0.9889
t2r19_human.pdb 0.9959 1.0000 0.9829 0.9991 0.9987 0.9824 0.9929 0.9999 0.9998 0.9855 0.9925 0.9823 0.9745 0.9623 0.9998 0.9790 0.9962 0.9963 0.9923
t2r10_human.pdb 0.9826 0.9829 1.0000 0.9798 0.9983 0.9787 0.9996 0.9736 0.9898 0.9728 0.9956 0.9733 0.9751 0.9856 0.9899 0.9684 0.9799 0.9831 0.9700
ta2r8_human.pdb 0.9895 0.9991 0.9798 1.0000 0.9979 0.9981 0.9927 0.9763 0.9799 0.9984 0.9870 0.9825 0.9992 0.9882 0.9795 0.9921 0.9929 0.9928 0.9891
t2r38_human.pdb 0.9529 0.9987 0.9983 0.9979 1.0000 0.9982 0.9994 0.9854 0.9984 0.9985 0.9987 0.9856 0.9972 0.9984 0.9859 0.9989 0.9955 0.9847 0.9988
ta2r4_human.pdb 0.9957 0.9824 0.9787 0.9981 0.9982 1.0000 0.9959 0.9824 0.9823 0.9881 0.9888 0.9850 0.9744 0.9581 0.9823 0.9785 0.9993 0.9960 0.9856
ta2r7_human.pdb 0.9644 0.9929 0.9996 0.9927 0.9994 0.9959 1.0000 0.9767 0.9926 0.9918 0.9908 0.9701 0.9922 0.9950 0.9737 0.9886 0.9807 0.9678 0.9892
t2r31_human.pdb 0.9830 0.9999 0.9736 0.9763 0.9854 0.9824 0.9767 1.0000 0.9836 0.9796 0.9749 0.9761 0.9821 0.9788 0.9993 0.9789 0.9798 0.9833 0.9795
t2r20_human.pdb 0.9834 0.9998 0.9898 0.9799 0.9984 0.9823 0.9926 0.9836 1.0000 0.9790 0.9925 0.9731 0.9814 0.9854 0.9998 0.9789 0.9802 0.9835 0.9793
t2r13_human.pdb 0.9907 0.9855 0.9728 0.9984 0.9985 0.9881 0.9918 0.9796 0.9790 1.0000 0.9885 0.9961 0.9848 0.9687 0.9792 0.9779 0.9987 0.9950 0.9854
ta2r9_human.pdb 0.9795 0.9925 0.9956 0.9870 0.9987 0.9888 0.9908 0.9749 0.9925 0.9885 1.0000 0.9714 0.9899 0.9945 0.9820 0.9840 0.9773 0.9811 0.9856
t2r14_human.pdb 0.9506 0.9823 0.9733 0.9825 0.9856 0.9850 0.9701 0.9761 0.9731 0.9961 0.9714 1.0000 0.9816 0.9721 0.9802 0.9745 0.9862 0.9544 0.9724
ta2r1_human.pdb 0.9907 0.9745 0.9751 0.9992 0.9972 0.9744 0.9922 0.9821 0.9814 0.9848 0.9899 0.9816 1.0000 0.9611 0.9815 0.9779 0.9951 0.9948 0.9923
ta2r5_human.pdb 0.9880 0.9623 0.9856 0.9882 0.9984 0.9581 0.9950 0.9788 0.9854 0.9687 0.9945 0.9721 0.9611 1.0000 0.9856 0.9647 0.9819 0.9920 0.9820
t2r30_human.pdb 0.9555 0.9998 0.9899 0.9795 0.9859 0.9823 0.9737 0.9993 0.9998 0.9792 0.9820 0.9802 0.9815 0.9856 1.0000 0.9788 0.9805 0.9556 0.9794
t2r16_human.pdb 0.9922 0.9790 0.9684 0.9921 0.9989 0.9785 0.9886 0.9789 0.9789 0.9779 0.9840 0.9745 0.9779 0.9647 0.9788 1.0000 0.9888 0.9960 0.9957
ta2r3_human.pdb 0.9644 0.9962 0.9799 0.9929 0.9955 0.9993 0.9807 0.9798 0.9802 0.9987 0.9773 0.9862 0.9951 0.9819 0.9805 0.9888 1.0000 0.9677 0.9855
t2r40_human.pdb 0.9955 0.9963 0.9831 0.9928 0.9847 0.9960 0.9678 0.9833 0.9835 0.9950 0.9811 0.9544 0.9948 0.9920 0.9556 0.9960 0.9677 1.0000 0.9929
t2r41_human.pdb 0.9889 0.9923 0.9700 0.9891 0.9988 0.9856 0.9892 0.9795 0.9793 0.9854 0.9856 0.9724 0.9923 0.9820 0.9794 0.9957 0.9855 0.9929 1.0000
