36
cltr2_human.pdb 344.0283 173.9471 169.6958 183.9319 156.4535 222.6086 236.0869 143.2092 160.0064 204.0025 193.6966 182.3053 174.1433 179.1153 150.3587 158.4837 183.0815 189.8172 171.1523 226.1951 195.9768 194.2532 178.0227 256.6439 228.1952 158.2284 135.7000 161.3115 219.2466 158.0200 139.9397 221.0708 266.1227 131.3278 89.7925 174.3582
pf2r_human.pdb 173.9471 344.0283 128.5702 167.8955 182.2259 242.7906 140.1387 181.2004 202.6024 179.0704 240.4576 128.3934 145.6233 156.5940 201.5349 185.2378 226.2088 211.8942 173.9482 244.0676 145.7072 199.4891 199.7740 209.6042 117.2421 133.4103 170.6208 165.8103 206.1185 213.5329 147.9721 240.9262 187.3240 133.0760 184.3884 175.6074
lt4r2_human.pdb 169.6958 128.5702 344.0283 242.0948 183.7781 246.6067 177.2368 139.9246 177.8057 154.3609 237.8033 151.8004 181.8140 162.5811 188.6811 172.7791 214.4008 221.6284 162.1386 274.7396 180.4723 172.1794 145.4925 162.0996 137.6907 142.5307 126.6495 174.5800 195.7621 258.7483 128.9106 265.8571 230.0676 116.2159 198.2848 197.2841
s1pr5_human.pdb 183.9319 167.8955 242.0948 344.0283 225.0166 273.0650 251.7726 219.4711 197.4786 161.8396 259.3679 208.9425 176.6002 206.1955 231.3949 117.1329 208.5903 217.4493 186.8501 309.1600 164.6745 268.8159 158.8278 171.8831 187.0906 177.4138 168.1684 187.2745 224.2832 239.3571 158.6333 310.0308 276.8365 169.8711 239.7810 192.2331
pd2r2_human.pdb 156.4535 182.2259 183.7781 225.0166 344.0283 213.6521 214.6278 193.1239 174.8002 161.1610 201.8356 166.6801 179.4784 168.5851 148.4462 131.6432 126.9424 182.4077 172.3572 254.9982 204.9712 201.0323 151.8535 234.5571 195.1890 230.2379 173.0924 201.9726 243.2083 205.6583 157.0782 253.0776 287.3554 184.9810 178.1269 182.9537
ffar2_human.pdb 222.6086 242.7906 246.6067 273.0650 213.6521 344.0283 236.7453 231.6748 131.5866 251.2944 97.8104 244.8896 208.7512 235.5552 212.6341 201.1659 226.7671 137.9051 232.5029 122.9079 260.7439 209.7880 91.4903 294.1114 235.5495 272.6763 232.3756 249.2676 275.6876 197.4439 180.3761 125.7343 248.3539 218.6130 202.9228 246.7784
pe2r1_human.pdb 236.0869 140.1387 177.2368 251.7726 214.6278 236.7453 344.0283 208.9121 197.8018 247.2353 226.7463 102.3749 162.2942 205.6367 231.7913 181.0013 210.6160 220.7219 169.8178 235.1258 140.2728 219.2389 194.6557 209.7585 107.7804 187.3809 222.1269 214.3522 144.9416 261.9843 160.7791 233.7140 147.5474 162.4722 220.2909 198.1893
lpar5_human.pdb 143.2092 181.2004 139.9246 219.4711 193.1239 231.6748 208.9121 344.0283 186.4908 234.0116 211.3624 223.2422 154.7888 195.2634 181.9164 175.1111 171.7954 216.9873 162.5713 265.1901 241.4311 174.0242 168.2477 261.7677 186.2490 206.3219 163.1083 218.3747 267.5745 218.6316 119.2407 264.0107 226.2405 154.3637 147.6986 185.0485
lpar6_human.pdb 160.0064 202.6024 177.8057 197.4786 174.8002 131.5866 197.8018 186.4908 344.0283 220.7570 91.5358 199.8412 159.0482 173.9369 202.6725 161.6581 204.6855 168.7311 194.6622 122.0387 250.2032 113.6120 124.4904 295.7820 180.1590 219.9726 162.6249 186.7425 254.0465 197.3702 169.7619 128.5158 202.2702 200.9091 153.8443 170.2157
cnr1_human.pdb 204.0025 179.0704 154.3609 161.8396 161.1610 251.2944 247.2353 234.0116 220.7570 344.0283 261.8784 153.0556 123.5578 203.4267 199.1887 148.3955 193.9890 204.7539 183.2765 270.7978 192.8516 258.5516 214.2621 283.8707 262.5151 176.2692 193.2616 140.6952 215.9277 198.5572 149.9170 271.6456 276.9883 163.3605 210.8744 174.6402
ptafr_human.pdb 193.6966 240.4576 237.8033 259.3679 201.8356 97.8104 226.7463 211.3624 91.5358 261.8784 344.0283 243.2617 187.9361 224.2677 223.5822 181.3396 234.4874 148.3921 229.7202 124.2880 234.6770 189.8427 92.4401 274.3926 210.7839 252.9187 221.3013 236.8341 257.8157 201.7357 194.1230 130.1273 235.5545 203.3549 197.2694 241.5571
ta2r_human.pdb 182.3053 128.3934 151.8004 208.9425 166.6801 244.8896 102.3749 223.2422 199.8412 153.0556 243.2617 344.0283 188.9747 159.6236 221.3968 195.6218 189.3829 194.5581 167.7275 275.1444 110.1027 219.3504 171.0857 198.5970 127.8529 165.8888 204.1919 162.9798 145.7038 239.0788 171.5480 277.3454 180.8943 165.4961 217.2838 173.9642
pi2r_human.pdb 174.1433 145.6233 181.8140 176.6002 179.4784 208.7512 162.2942 154.7888 159.0482 123.5578 187.9361 188.9747 344.0283 174.0270 116.8124 133.1195 131.0366 185.6618 156.9993 245.2945 105.3686 132.2453 137.6150 195.9073 134.9659 212.4602 126.9989 198.5344 186.4749 217.5119 145.9519 243.7030 199.9718 144.8389 128.0009 163.6574
lpar1_human.pdb 179.1153 156.5940 162.5811 206.1955 168.5851 235.5552 205.6367 195.2634 173.9369 203.4267 224.2677 159.6236 174.0270 344.0283 138.9385 84.5224 149.2953 199.3069 95.9474 248.8392 156.2946 199.9097 177.8027 237.0270 220.8451 202.1322 128.1414 94.0762 198.9568 229.0991 156.0413 259.7332 236.6940 175.6034 203.6306 83.8719
lpar2_human.pdb 150.3587 201.5349 188.6811 231.3949 148.4462 212.6341 231.7913 181.9164 202.6725 199.1887 223.5822 221.3968 116.8124 138.9385 344.0283 79.8410 78.1390 170.7972 143.0935 251.6519 213.9128 159.6991 174.2482 247.2727 223.7170 225.2749 177.2103 179.6795 256.9474 109.7336 165.2704 246.4838 230.9490 190.9082 149.1557 148.0401
lpar3_human.pdb 158.4837 185.2378 172.7791 117.1329 131.6432 201.1659 181.0013 175.1111 161.6581 148.3955 181.3396 195.6218 133.1195 84.5224 79.8410 344.0283 103.8386 178.4748 146.5277 226.9429 179.6113 157.8339 154.6260 186.6121 207.9195 225.1852 162.5757 127.4251 229.2759 205.3426 177.3959 220.5987 218.8349 161.6800 173.1020 103.3625
s1pr3_human.pdb 183.0815 226.2088 214.4008 208.5903 126.9424 226.7671 210.6160 171.7954 204.6855 193.9890 234.4874 189.3829 131.0366 149.2953 78.1390 103.8386 344.0283 174.0724 104.1713 264.1867 174.0395 214.8387 165.7028 223.7451 208.4956 224.1533 183.1186 182.8033 276.2792 209.7017 186.2254 262.1160 271.0579 196.2265 147.5942 116.8546
gp119_human.pdb 189.8172 211.8942 221.6284 217.4493 182.4077 137.9051 220.7219 216.9873 168.7311 204.7539 148.3921 194.5581 185.6618 199.3069 170.7972 178.4748 174.0724 344.0283 219.2723 152.9777 227.0629 183.2541 137.6958 246.5051 213.4281 226.7329 203.3083 190.7409 261.2193 159.2216 183.8825 158.4841 245.0550 193.7708 192.0642 201.4094
s1pr4_human.pdb 171.1523 173.9482 162.1386 186.8501 172.3572 232.5029 169.8178 162.5713 194.6622 183.2765 229.7202 167.7275 156.9993 95.9474 143.0935 146.5277 104.1713 219.2723 344.0283 261.5024 200.1831 164.7105 166.4247 216.6397 141.4580 166.7468 164.5892 94.4082 235.7706 225.5658 165.3838 260.7111 205.3267 155.7597 170.2867 102.5026
gpr42_human.pdb 226.1951 244.0676 274.7396 309.1600 254.9982 122.9079 235.1258 265.1901 122.0387 270.7978 124.2880 275.1444 245.2945 248.8392 251.6519 226.9429 264.1867 152.9777 261.5024 344.0283 261.2938 229.8259 83.3972 287.6435 236.6529 298.1447 255.0760 283.5919 275.3030 209.4254 199.6562 0.0000 259.7640 206.7306 226.7089 284.5897
pd2r_human.pdb 195.9768 145.7072 180.4723 164.6745 204.9712 260.7439 140.2728 241.4311 250.2032 192.8516 234.6770 110.1027 105.3686 156.2946 213.9128 179.6113 174.0395 227.0629 200.1831 261.2938 344.0283 213.6241 261.5973 232.1549 117.8539 178.3915 164.9962 177.2865 96.9818 232.7554 215.4523 256.8568 141.6721 190.0642 209.3882 191.5766
lpar4_human.pdb 194.2532 199.4891 172.1794 268.8159 201.0323 209.7880 219.2389 174.0242 113.6120 258.5516 189.8427 219.3504 132.2453 199.9097 159.6991 157.8339 214.8387 183.2541 164.7105 229.8259 213.6241 344.0283 181.2669 261.3738 223.0808 221.5577 162.3108 214.8263 241.6527 199.6783 125.9852 229.6052 243.7241 149.6657 118.3109 205.5301
gpr18_human.pdb 178.0227 199.7740 145.4925 158.8278 151.8535 91.4903 194.6557 168.2477 124.4904 214.2621 92.4401 171.0857 137.6150 177.8027 174.2482 154.6260 165.7028 137.6958 166.4247 83.3972 261.5973 181.2669 344.0283 282.5162 192.1841 224.8020 153.3155 188.2234 253.9838 166.8413 176.9014 83.5390 233.8949 231.9450 145.7340 162.5539
oxer1_human.pdb 256.6439 209.6042 162.0996 171.8831 234.5571 294.1114 209.7585 261.7677 295.7820 283.8707 274.3926 198.5970 195.9073 237.0270 247.2727 186.6121 223.7451 246.5051 216.6397 287.6435 232.1549 261.3738 282.5162 344.0283 247.2815 169.7418 249.2428 246.8968 281.6377 260.7524 192.1543 284.9886 230.9675 188.6472 225.0769 239.5386
pe2r3_human.pdb 228.1952 117.2421 137.6907 187.0906 195.1890 235.5495 107.7804 186.2490 180.1590 262.5151 210.7839 127.8529 134.9659 220.8451 223.7170 207.9195 208.4956 213.4281 141.4580 236.6529 117.8539 223.0808 192.1841 247.2815 344.0283 157.7977 170.6442 210.2659 149.6263 222.6166 139.2452 229.0923 154.2178 141.8734 180.4006 193.3456
lt4r1_human.pdb 158.2284 133.4103 142.5307 177.4138 230.2379 272.6763 187.3809 206.3219 219.9726 176.2692 252.9187 165.8888 212.4602 202.1322 225.2749 225.1852 224.1533 226.7329 166.7468 298.1447 178.3915 221.5577 224.8020 169.7418 157.7977 344.0283 149.1036 200.3480 196.1297 285.3748 147.0533 295.5831 221.4329 155.7046 216.1790 201.7696
ffar4_human.pdb 135.7000 170.6208 126.6495 168.1684 173.0924 232.3756 222.1269 163.1083 162.6249 193.2616 221.3013 204.1919 126.9989 128.1414 177.2103 162.5757 183.1186 203.3083 164.5892 255.0760 164.9962 162.3108 153.3155 249.2428 170.6442 149.1036 344.0283 121.0718 226.2277 187.2429 141.7093 254.0476 245.0399 148.5489 155.7272 148.4295
s1pr1_human.pdb 161.3115 165.8103 174.5800 187.2745 201.9726 249.2676 214.3522 218.3747 186.7425 140.6952 236.8341 162.9798 198.5344 94.0762 179.6795 127.4251 182.8033 190.7409 94.4082 283.5919 177.2865 214.8263 188.2234 246.8968 210.2659 200.3480 121.0718 344.0283 219.4205 254.4973 164.9141 281.4948 282.1502 174.0764 218.1718 104.6683
pe2r2_human.pdb 219.2466 206.1185 195.7621 224.2832 243.2083 275.6876 144.9416 267.5745 254.0465 215.9277 257.8157 145.7038 186.4749 198.9568 256.9474 229.2759 276.2792 261.2193 235.7706 275.3030 96.9818 241.6527 253.9838 281.6377 149.6263 196.1297 226.2277 219.4205 344.0283 279.5846 229.9616 274.0738 161.5127 223.0263 247.7695 235.6476
cnr2_human.pdb 158.0200 213.5329 258.7483 239.3571 205.6583 197.4439 261.9843 218.6316 197.3702 198.5572 201.7357 239.0788 217.5119 229.0991 109.7336 205.3426 209.7017 159.2216 225.5658 209.4254 232.7554 199.6783 166.8413 260.7524 222.6166 285.3748 187.2429 254.4973 279.5846 344.0283 189.8546 209.1476 276.7879 194.3580 156.1599 215.4364
ffar1_human.pdb 139.9397 147.9721 128.9106 158.6333 157.0782 180.3761 160.7791 119.2407 169.7619 149.9170 194.1230 171.5480 145.9519 156.0413 165.2704 177.3959 186.2254 183.8825 165.3838 199.6562 215.4523 125.9852 176.9014 192.1543 139.2452 147.0533 141.7093 164.9141 229.9616 189.8546 344.0283 201.0808 175.8100 117.4303 143.2699 174.0550
ffar3_human.pdb 221.0708 240.9262 265.8571 310.0308 253.0776 125.7343 233.7140 264.0107 128.5158 271.6456 130.1273 277.3454 243.7030 259.7332 246.4838 220.5987 262.1160 158.4841 260.7111 0.0000 256.8568 229.6052 83.5390 284.9886 229.0923 295.5831 254.0476 281.4948 274.0738 209.1476 201.0808 344.0283 261.3496 193.1004 225.6355 288.8517
pe2r4_human.pdb 266.1227 187.3240 230.0676 276.8365 287.3554 248.3539 147.5474 226.2405 202.2702 276.9883 235.5545 180.8943 199.9718 236.6940 230.9490 218.8349 271.0579 245.0550 205.3267 259.7640 141.6721 243.7241 233.8949 230.9675 154.2178 221.4329 245.0399 282.1502 161.5127 276.7879 175.8100 261.3496 344.0283 206.6560 211.5628 243.5723
gpr55_human.pdb 131.3278 133.0760 116.2159 169.8711 184.9810 218.6130 162.4722 154.3637 200.9091 163.3605 203.3549 165.4961 144.8389 175.6034 190.9082 161.6800 196.2265 193.7708 155.7597 206.7306 190.0642 149.6657 231.9450 188.6472 141.8734 155.7046 148.5489 174.0764 223.0263 194.3580 117.4303 193.1004 206.6560 344.0283 147.0683 154.2992
cltr1_human.pdb 89.7925 184.3884 198.2848 239.7810 178.1269 202.9228 220.2909 147.6986 153.8443 210.8744 197.2694 217.2838 128.0009 203.6306 149.1557 173.1020 147.5942 192.0642 170.2867 226.7089 209.3882 118.3109 145.7340 225.0769 180.4006 216.1790 155.7272 218.1718 247.7695 156.1599 143.2699 225.6355 211.5628 147.0683 344.0283 197.1896
s1pr2_human.pdb 174.3582 175.6074 197.2841 192.2331 182.9537 246.7784 198.1893 185.0485 170.2157 174.6402 241.5571 173.9642 163.6574 83.8719 148.0401 103.3625 116.8546 201.4094 102.5026 284.5897 191.5766 205.5301 162.5539 239.5386 193.3456 201.7696 148.4295 104.6683 235.6476 215.4364 174.0550 288.8517 243.5723 154.2992 197.1896 344.0283
