36
cltr2_human.pdb 1.0000 0.9297 0.8162 0.8732 0.8451 0.8117 0.9066 0.8585 0.7941 0.9002 0.8066 0.8940 0.8490 0.8786 0.8169 0.7798 0.8375 0.8141 0.9007 0.8033 0.8644 0.8650 0.8195 0.9038 0.9388 0.8592 0.8791 0.8932 0.8452 0.8215 0.8986 0.8032 0.8670 0.8746 0.9711 0.8447
pf2r_human.pdb 0.9297 1.0000 0.8311 0.9200 0.8622 0.8201 0.9479 0.8298 0.8245 0.8956 0.8197 0.9536 0.8746 0.9049 0.8431 0.8021 0.8409 0.8277 0.9249 0.8317 0.8986 0.8506 0.8438 0.9102 0.9516 0.9153 0.8656 0.9252 0.8818 0.8195 0.8815 0.8317 0.9211 0.9179 0.9441 0.8863
lt4r2_human.pdb 0.8162 0.8311 1.0000 0.9124 0.8249 0.7937 0.8164 0.8336 0.8091 0.8948 0.7943 0.8670 0.9383 0.8304 0.7761 0.8010 0.8037 0.7909 0.8908 0.7706 0.8266 0.8046 0.8043 0.8845 0.8690 0.8652 0.8416 0.8679 0.8139 0.7614 0.8389 0.7707 0.9239 0.9860 0.8477 0.8589
s1pr5_human.pdb 0.8732 0.9200 0.9124 1.0000 0.7774 0.8314 0.8358 0.8303 0.8262 0.8685 0.8245 0.9108 0.8907 0.8810 0.8302 0.7969 0.8009 0.8289 0.8949 0.8307 0.8803 0.8020 0.8469 0.9155 0.8611 0.9183 0.8516 0.8968 0.8757 0.8258 0.8509 0.8307 0.9260 0.9306 0.8983 0.9227
pd2r2_human.pdb 0.8451 0.8622 0.8249 0.7774 1.0000 0.9443 0.7634 0.7923 0.9399 0.7973 0.9301 0.8344 0.8093 0.8363 0.9607 0.9683 0.9612 0.9367 0.8269 0.9371 0.7970 0.9232 0.9586 0.7766 0.8046 0.7980 0.8264 0.8213 0.7773 0.9507 0.8842 0.9373 0.8087 0.8951 0.8593 0.8428
ffar2_human.pdb 0.8117 0.8201 0.7937 0.8314 0.9443 1.0000 0.8061 0.7976 0.9590 0.7809 0.9690 0.7988 0.8180 0.8110 0.8942 0.8853 0.9045 0.9402 0.8144 0.9786 0.8132 0.9380 0.9114 0.7973 0.8233 0.7723 0.8072 0.8177 0.7899 0.9038 0.8557 0.9786 0.8017 0.8097 0.8245 0.8070
pe2r1_human.pdb 0.9066 0.9479 0.8164 0.8358 0.7634 0.8061 1.0000 0.7713 0.8106 0.8375 0.8026 0.9560 0.8101 0.9024 0.8438 0.8133 0.7942 0.8457 0.8419 0.8048 0.9398 0.8008 0.8196 0.8539 0.8942 0.8892 0.8571 0.8598 0.9436 0.8193 0.8611 0.8049 0.9282 0.9089 0.9135 0.8658
lpar5_human.pdb 0.8585 0.8298 0.8336 0.8303 0.7923 0.7976 0.7713 1.0000 0.7790 0.8623 0.7999 0.8147 0.8827 0.8211 0.8041 0.7317 0.7548 0.7749 0.8721 0.8071 0.7506 0.7876 0.8156 0.8042 0.8084 0.8435 0.8557 0.8490 0.7451 0.7820 0.9482 0.8070 0.8636 0.8259 0.8884 0.8464
lpar6_human.pdb 0.7941 0.8245 0.8091 0.8262 0.9399 0.9590 0.8106 0.7790 1.0000 0.8087 0.9665 0.8249 0.8328 0.8173 0.8902 0.8831 0.9034 0.9325 0.8334 0.9240 0.8314 0.9607 0.9467 0.8124 0.8504 0.7929 0.8092 0.8267 0.7952 0.8952 0.8765 0.9240 0.8162 0.8751 0.8276 0.8139
cnr1_human.pdb 0.9002 0.8956 0.8948 0.8685 0.7973 0.7809 0.8375 0.8623 0.8087 1.0000 0.7977 0.9098 0.9168 0.9219 0.8492 0.8287 0.8262 0.8224 0.9142 0.8042 0.8791 0.8390 0.8061 0.8692 0.9096 0.8939 0.9214 0.9086 0.8649 0.8353 0.8785 0.8041 0.7472 0.9432 0.9018 0.9128
ptafr_human.pdb 0.8066 0.8197 0.7943 0.8245 0.9301 0.9690 0.8026 0.7999 0.9665 0.7977 1.0000 0.8113 0.8121 0.8032 0.8923 0.8713 0.8872 0.9291 0.8084 0.9417 0.8278 0.9389 0.9509 0.7980 0.8345 0.7724 0.8160 0.8108 0.7942 0.9024 0.8742 0.9416 0.8028 0.8462 0.8296 0.7974
ta2r_human.pdb 0.8940 0.9536 0.8670 0.9108 0.8344 0.7988 0.9560 0.8147 0.8249 0.9098 0.8113 1.0000 0.8869 0.9042 0.8078 0.8069 0.8224 0.8155 0.9095 0.7895 0.9574 0.8418 0.8142 0.9399 0.9858 0.9052 0.8847 0.9154 0.9393 0.8088 0.8600 0.7894 0.9371 0.9203 0.9167 0.8610
pi2r_human.pdb 0.8490 0.8746 0.9383 0.8907 0.8093 0.8180 0.8101 0.8827 0.8328 0.9168 0.8121 0.8869 1.0000 0.8660 0.8218 0.7913 0.7844 0.8273 0.8809 0.8351 0.8576 0.8009 0.8291 0.8336 0.8368 0.9235 0.8701 0.8663 0.8314 0.7941 0.9116 0.8350 0.9199 0.9445 0.8900 0.9098
lpar1_human.pdb 0.8786 0.9049 0.8304 0.8810 0.8363 0.8110 0.9024 0.8211 0.8173 0.9219 0.8032 0.9042 0.8660 1.0000 0.8437 0.8252 0.8395 0.8267 0.9590 0.8000 0.8503 0.8349 0.8166 0.8760 0.8960 0.8605 0.9036 0.9843 0.8485 0.8224 0.8841 0.8000 0.8687 0.9087 0.8836 0.9579
lpar2_human.pdb 0.8169 0.8431 0.7761 0.8302 0.9607 0.8942 0.8438 0.8041 0.8902 0.8492 0.8923 0.8078 0.8218 0.8437 1.0000 0.9155 0.9707 0.9220 0.8591 0.9005 0.8019 0.9081 0.9299 0.8183 0.8289 0.7721 0.8520 0.8638 0.7862 0.9934 0.8586 0.9005 0.8213 0.8396 0.8195 0.8166
lpar3_human.pdb 0.7798 0.8021 0.8010 0.7969 0.9683 0.8853 0.8133 0.7317 0.8831 0.8287 0.8713 0.8069 0.7913 0.8252 0.9155 1.0000 0.9839 0.9252 0.8247 0.8642 0.8010 0.8897 0.8856 0.8066 0.8095 0.7384 0.8223 0.8334 0.7858 0.9253 0.8255 0.8641 0.8290 0.8649 0.7868 0.7915
s1pr3_human.pdb 0.8375 0.8409 0.8037 0.8009 0.9612 0.9045 0.7942 0.7548 0.9034 0.8262 0.8872 0.8224 0.7844 0.8395 0.9707 0.9839 1.0000 0.9277 0.8234 0.9026 0.7848 0.8990 0.9300 0.7916 0.8005 0.7762 0.8093 0.8322 0.7769 0.9564 0.8503 0.9028 0.8055 0.8681 0.8223 0.8371
gp119_human.pdb 0.8141 0.8277 0.7909 0.8289 0.9367 0.9402 0.8457 0.7749 0.9325 0.8224 0.9291 0.8155 0.8273 0.8267 0.9220 0.9252 0.9277 1.0000 0.8292 0.9216 0.8481 0.9206 0.9052 0.8090 0.8266 0.7786 0.8243 0.8413 0.8272 0.9384 0.8577 0.9218 0.8396 0.8342 0.8129 0.8181
s1pr4_human.pdb 0.9007 0.9249 0.8908 0.8949 0.8269 0.8144 0.8419 0.8721 0.8334 0.9142 0.8084 0.9095 0.8809 0.9590 0.8591 0.8247 0.8234 0.8292 1.0000 0.8483 0.8386 0.8341 0.8529 0.8642 0.8611 0.9039 0.9368 0.9786 0.8443 0.8481 0.9113 0.8482 0.8849 0.9295 0.9173 0.9927
gpr42_human.pdb 0.8033 0.8317 0.7706 0.8307 0.9371 0.9786 0.8048 0.8071 0.9240 0.8042 0.9417 0.7895 0.8351 0.8000 0.9005 0.8642 0.9026 0.9216 0.8483 1.0000 0.7920 0.9265 0.9542 0.7947 0.8229 0.7837 0.8009 0.8410 0.7665 0.9146 0.8787 1.0000 0.8224 0.8390 0.8398 0.8286
pd2r_human.pdb 0.8644 0.8986 0.8266 0.8803 0.7970 0.8132 0.9398 0.7506 0.8314 0.8791 0.8278 0.9574 0.8576 0.8503 0.8019 0.8010 0.7848 0.8481 0.8386 0.7920 1.0000 0.8028 0.8275 0.8817 0.9210 0.8728 0.8401 0.8589 0.9564 0.7861 0.8747 0.7898 0.9324 0.9314 0.8951 0.8339
lpar4_human.pdb 0.8650 0.8506 0.8046 0.8020 0.9232 0.9380 0.8008 0.7876 0.9607 0.8390 0.9389 0.8418 0.8009 0.8349 0.9081 0.8897 0.8990 0.9206 0.8341 0.9265 0.8028 1.0000 0.9454 0.7988 0.8438 0.7999 0.8018 0.8279 0.7693 0.9006 0.8934 0.9151 0.7905 0.8982 0.8601 0.8339
gpr18_human.pdb 0.8195 0.8438 0.8043 0.8469 0.9586 0.9114 0.8196 0.8156 0.9467 0.8061 0.9509 0.8142 0.8291 0.8166 0.9299 0.8856 0.9300 0.9052 0.8529 0.9542 0.8275 0.9454 1.0000 0.8143 0.8467 0.7797 0.8274 0.8392 0.7971 0.9448 0.8710 0.9541 0.8097 0.8316 0.8265 0.8195
oxer1_human.pdb 0.9038 0.9102 0.8845 0.9155 0.7766 0.7973 0.8539 0.8042 0.8124 0.8692 0.7980 0.9399 0.8336 0.8760 0.8183 0.8066 0.7916 0.8090 0.8642 0.7947 0.8817 0.7988 0.8143 1.0000 0.9015 0.9214 0.8437 0.8642 0.8930 0.8057 0.8404 0.7918 0.8813 0.9351 0.9090 0.8878
pe2r3_human.pdb 0.9388 0.9516 0.8690 0.8611 0.8046 0.8233 0.8942 0.8084 0.8504 0.9096 0.8345 0.9858 0.8368 0.8960 0.8289 0.8095 0.8005 0.8266 0.8611 0.8229 0.9210 0.8438 0.8467 0.9015 1.0000 0.9126 0.8725 0.8651 0.8987 0.8158 0.8879 0.8066 0.8680 0.9605 0.9600 0.8799
lt4r1_human.pdb 0.8592 0.9153 0.8652 0.9183 0.7980 0.7723 0.8892 0.8435 0.7929 0.8939 0.7724 0.9052 0.9235 0.8605 0.7721 0.7384 0.7762 0.7786 0.9039 0.7837 0.8728 0.7999 0.7797 0.9214 0.9126 1.0000 0.8274 0.8942 0.8548 0.7635 0.8373 0.7861 0.9515 0.8937 0.8976 0.8730
ffar4_human.pdb 0.8791 0.8656 0.8416 0.8516 0.8264 0.8072 0.8571 0.8557 0.8092 0.9214 0.8160 0.8847 0.8701 0.9036 0.8520 0.8223 0.8093 0.8243 0.9368 0.8009 0.8401 0.8018 0.8274 0.8437 0.8725 0.8274 1.0000 0.9312 0.8271 0.8189 0.8985 0.7987 0.8626 0.9032 0.8900 0.8785
s1pr1_human.pdb 0.8932 0.9252 0.8679 0.8968 0.8213 0.8177 0.8598 0.8490 0.8267 0.9086 0.8108 0.9154 0.8663 0.9843 0.8638 0.8334 0.8322 0.8413 0.9786 0.8410 0.8589 0.8279 0.8392 0.8642 0.8651 0.8942 0.9312 1.0000 0.8649 0.8535 0.9017 0.8464 0.8867 0.9247 0.9107 0.9994
pe2r2_human.pdb 0.8452 0.8818 0.8139 0.8757 0.7773 0.7899 0.9436 0.7451 0.7952 0.8649 0.7942 0.9393 0.8314 0.8485 0.7862 0.7858 0.7769 0.8272 0.8443 0.7665 0.9564 0.7693 0.7971 0.8930 0.8987 0.8548 0.8271 0.8649 1.0000 0.7730 0.8333 0.7709 0.9282 0.8870 0.8665 0.8261
cnr2_human.pdb 0.8215 0.8195 0.7614 0.8258 0.9507 0.9038 0.8193 0.7820 0.8952 0.8353 0.9024 0.8088 0.7941 0.8224 0.9934 0.9253 0.9564 0.9384 0.8481 0.9146 0.7861 0.9006 0.9448 0.8057 0.8158 0.7635 0.8189 0.8535 0.7730 1.0000 0.8554 0.9117 0.8137 0.8527 0.8218 0.8118
ffar1_human.pdb 0.8986 0.8815 0.8389 0.8509 0.8842 0.8557 0.8611 0.9482 0.8765 0.8785 0.8742 0.8600 0.9116 0.8841 0.8586 0.8255 0.8503 0.8577 0.9113 0.8787 0.8747 0.8934 0.8710 0.8404 0.8879 0.8373 0.8985 0.9017 0.8333 0.8554 1.0000 0.8714 0.8671 0.8322 0.9049 0.8941
ffar3_human.pdb 0.8032 0.8317 0.7707 0.8307 0.9373 0.9786 0.8049 0.8070 0.9240 0.8041 0.9416 0.7894 0.8350 0.8000 0.9005 0.8641 0.9028 0.9218 0.8482 1.0000 0.7898 0.9151 0.9541 0.7918 0.8066 0.7861 0.7987 0.8464 0.7709 0.9117 0.8714 1.0000 0.8178 0.8332 0.8390 0.8244
pe2r4_human.pdb 0.8670 0.9211 0.9239 0.9260 0.8087 0.8017 0.9282 0.8636 0.8162 0.7472 0.8028 0.9371 0.9199 0.8687 0.8213 0.8290 0.8055 0.8396 0.8849 0.8224 0.9324 0.7905 0.8097 0.8813 0.8680 0.9515 0.8626 0.8867 0.9282 0.8137 0.8671 0.8178 1.0000 0.9232 0.9081 0.9029
gpr55_human.pdb 0.8746 0.9179 0.9860 0.9306 0.8951 0.8097 0.9089 0.8259 0.8751 0.9432 0.8462 0.9203 0.9445 0.9087 0.8396 0.8649 0.8681 0.8342 0.9295 0.8390 0.9314 0.8982 0.8316 0.9351 0.9605 0.8937 0.9032 0.9247 0.8870 0.8527 0.8322 0.8332 0.9232 1.0000 0.8921 0.9083
cltr1_human.pdb 0.9711 0.9441 0.8477 0.8983 0.8593 0.8245 0.9135 0.8884 0.8276 0.9018 0.8296 0.9167 0.8900 0.8836 0.8195 0.7868 0.8223 0.8129 0.9173 0.8398 0.8951 0.8601 0.8265 0.9090 0.9600 0.8976 0.8900 0.9107 0.8665 0.8218 0.9049 0.8390 0.9081 0.8921 1.0000 0.8682
s1pr2_human.pdb 0.8447 0.8863 0.8589 0.9227 0.8428 0.8070 0.8658 0.8464 0.8139 0.9128 0.7974 0.8610 0.9098 0.9579 0.8166 0.7915 0.8371 0.8181 0.9927 0.8286 0.8339 0.8339 0.8195 0.8878 0.8799 0.8730 0.8785 0.9994 0.8261 0.8118 0.8941 0.8244 0.9029 0.9083 0.8682 1.0000
