19
agrf5_human.pdb 382.1657 313.5514 268.2789 232.9587 295.0647 304.4484 317.1876 297.3137 290.0409 288.0909 315.4353 284.7528 284.1615 271.8360 283.7321 269.8770 265.5946 311.1797 276.9074
agra1_human.pdb 313.5514 382.1657 254.3498 273.8850 345.6368 332.1262 310.3394 340.7354 300.4552 285.9547 256.1061 230.9481 235.1016 312.1194 339.3472 216.0919 344.2129 249.9853 249.8608
agrf4_human.pdb 268.2789 254.3498 382.1657 185.2146 307.3128 295.0841 170.5889 238.1936 277.0648 260.0614 259.0065 78.2763 273.4902 233.2871 250.8367 209.9977 261.0480 301.9922 232.5462
agre3_human.pdb 232.9587 273.8850 185.2146 382.1657 302.2661 310.9054 222.7863 281.0664 320.3383 273.7621 288.8056 181.7827 281.0861 269.7948 275.7770 220.3688 286.3791 327.5494 218.3305
agra2_human.pdb 295.0647 345.6368 307.3128 302.2661 382.1657 0.0000 313.9113 298.0107 338.4533 314.2218 313.8905 303.6876 324.7209 339.4082 271.9068 336.8667 305.1417 328.7809 311.3493
agra3_human.pdb 304.4484 332.1262 295.0841 310.9054 0.0000 382.1657 280.1641 302.3328 332.9801 310.2704 322.0065 292.0330 313.7686 338.8025 305.9272 335.5754 278.5611 343.3134 296.9807
agrf1_human.pdb 317.1876 310.3394 170.5889 222.7863 313.9113 280.1641 382.1657 253.2201 301.1960 264.0120 276.1763 308.8227 287.0474 241.6303 233.2088 282.9901 280.8528 320.9993 167.8702
agrl2_human.pdb 297.3137 340.7354 238.1936 281.0664 298.0107 302.3328 253.2201 382.1657 314.4956 176.0238 327.8781 228.3112 302.0362 289.0065 103.5292 247.4868 32.9304 329.6857 250.5491
agre2_human.pdb 290.0409 300.4552 277.0648 320.3383 338.4533 332.9801 301.1960 314.4956 382.1657 299.1672 165.2880 280.4394 298.6057 286.2684 318.3627 307.2303 301.7939 205.4019 315.5530
agrd1_human.pdb 288.0909 285.9547 260.0614 273.7621 314.2218 310.2704 264.0120 176.0238 299.1672 382.1657 299.5234 288.6568 235.9610 251.4009 214.6991 283.8747 208.6374 312.6387 264.3503
agre1_human.pdb 315.4353 256.1061 259.0065 288.8056 313.8905 322.0065 276.1763 327.8781 165.2880 299.5234 382.1657 290.0193 288.2596 271.5661 326.6432 317.6232 300.8831 281.8726 320.7657
agrf2_human.pdb 284.7528 230.9481 78.2763 181.7827 303.6876 292.0330 308.8227 228.3112 280.4394 288.6568 290.0193 382.1657 296.0034 260.5210 249.1754 260.1274 247.2474 315.2415 289.9854
agrl4_human.pdb 284.1615 235.1016 273.4902 281.0861 324.7209 313.7686 287.0474 302.0362 298.6057 235.9610 288.2596 296.0034 382.1657 288.9428 299.4845 250.8099 263.2860 294.7010 283.6832
agrf3_human.pdb 271.8360 312.1194 233.2871 269.7948 339.4082 338.8025 241.6303 289.0065 286.2684 251.4009 271.5661 260.5210 288.9428 382.1657 301.6547 284.9759 286.0878 295.9018 257.3505
agrl3_human.pdb 283.7321 339.3472 250.8367 275.7770 271.9068 305.9272 233.2088 103.5292 318.3627 214.6991 326.6432 249.1754 299.4845 301.6547 382.1657 273.9254 176.7118 334.6997 232.0089
agre4_human.pdb 269.8770 216.0919 209.9977 220.3688 336.8667 335.5754 282.9901 247.4868 307.2303 283.8747 317.6232 260.1274 250.8099 284.9759 273.9254 382.1657 312.8921 319.8987 202.3895
agrl1_human.pdb 265.5946 344.2129 261.0480 286.3791 305.1417 278.5611 280.8528 32.9304 301.7939 208.6374 300.8831 247.2474 263.2860 286.0878 176.7118 312.8921 382.1657 330.8075 283.1224
agre5_human.pdb 311.1797 249.9853 301.9922 327.5494 328.7809 343.3134 320.9993 329.6857 205.4019 312.6387 281.8726 315.2415 294.7010 295.9018 334.6997 319.8987 330.8075 382.1657 304.7567
agrd2_human.pdb 276.9074 249.8608 232.5462 218.3305 311.3493 296.9807 167.8702 250.5491 315.5530 264.3503 320.7657 289.9854 283.6832 257.3505 232.0089 202.3895 283.1224 304.7567 382.1657
