19
agrf5_human.pdb 0.0000 40.7956 24.6047 31.4195 39.9700 36.5360 42.6068 41.7650 33.2066 37.7576 33.3431 42.2761 34.3879 46.9381 42.1991 28.8252 43.3821 37.6055 48.1710
agra1_human.pdb 40.7956 0.0000 40.8290 40.0344 42.0716 42.6956 40.9973 43.4751 40.1986 41.8023 40.6763 40.5677 38.6835 40.0071 44.1867 39.0650 43.5965 38.2923 39.6803
agrf4_human.pdb 24.6047 40.8290 0.0000 22.7487 37.5815 33.5411 29.6370 29.1280 23.2409 29.2680 25.2652 18.3890 26.7921 27.9676 30.1797 23.5196 33.3869 31.6495 26.0814
agre3_human.pdb 31.4195 40.0344 22.7487 0.0000 39.1556 34.2286 20.7696 36.2403 20.2178 31.7246 20.0370 21.1045 27.3440 24.4038 35.8202 23.2416 36.3355 23.1337 21.1198
agra2_human.pdb 39.9700 42.0716 37.5815 39.1556 0.0000 29.9811 44.7177 48.8057 48.4086 46.0266 46.1634 45.4684 43.4680 54.3745 49.5791 36.5299 47.9518 57.7888 51.6476
agra3_human.pdb 36.5360 42.6956 33.5411 34.2286 29.9811 0.0000 42.7835 50.2978 44.2463 40.5638 43.1352 44.1712 39.4267 49.6846 45.2563 35.1027 45.0951 54.1708 47.0750
agrf1_human.pdb 42.6068 40.9973 29.6370 20.7696 44.7177 42.7835 0.0000 37.4391 31.8324 30.4704 27.3965 33.5139 32.2813 38.0419 39.9452 19.0621 42.6081 32.3454 23.0226
agrl2_human.pdb 41.7650 43.4751 29.1280 36.2403 48.8057 50.2978 37.4391 0.0000 53.2547 21.9355 49.0431 36.0570 28.7601 44.8694 29.3218 32.6682 48.1353 60.8327 39.8494
agre2_human.pdb 33.2066 40.1986 23.2409 20.2178 48.4086 44.2463 31.8324 53.2547 0.0000 42.1223 19.2163 48.5313 22.1954 32.6263 55.2420 21.4924 50.9785 18.1541 35.3146
agrd1_human.pdb 37.7576 41.8023 29.2680 31.7246 46.0266 40.5638 30.4704 21.9355 42.1223 0.0000 41.2824 27.8644 21.7965 39.7181 21.6390 29.8638 26.3509 48.3700 32.2705
agre1_human.pdb 33.3431 40.6763 25.2652 20.0370 46.1634 43.1352 27.3965 49.0431 19.2163 41.2824 0.0000 43.1066 22.4852 37.0033 50.1455 22.6550 45.1965 34.1781 32.6609
agrf2_human.pdb 42.2761 40.5677 18.3890 21.1045 45.4684 44.1712 33.5139 36.0570 48.5313 27.8644 43.1066 0.0000 25.6951 41.4235 36.1955 22.8126 37.0481 49.2592 35.6508
agrl4_human.pdb 34.3879 38.6835 26.7921 27.3440 43.4680 39.4267 32.2813 28.7601 22.1954 21.7965 22.4852 25.6951 0.0000 31.9500 30.4499 25.9295 26.4912 25.8835 36.1254
agrf3_human.pdb 46.9381 40.0071 27.9676 24.4038 54.3745 49.6846 38.0419 44.8694 32.6263 39.7181 37.0033 41.4235 31.9500 0.0000 46.0631 18.4016 45.5148 42.2482 37.4106
agrl3_human.pdb 42.1991 44.1867 30.1797 35.8202 49.5791 45.2563 39.9452 29.3218 55.2420 21.6390 50.1455 36.1955 30.4499 46.0631 0.0000 32.5664 46.4500 63.6171 42.6213
agre4_human.pdb 28.8252 39.0650 23.5196 23.2416 36.5299 35.1027 19.0621 32.6682 21.4924 29.8638 22.6550 22.8126 25.9295 18.4016 32.5664 0.0000 35.4590 23.3754 19.8147
agrl1_human.pdb 43.3821 43.5965 33.3869 36.3355 47.9518 45.0951 42.6081 48.1353 50.9785 26.3509 45.1965 37.0481 26.4912 45.5148 46.4500 35.4590 0.0000 57.2535 42.5814
agre5_human.pdb 37.6055 38.2923 31.6495 23.1337 57.7888 54.1708 32.3454 60.8327 18.1541 48.3700 34.1781 49.2592 25.8835 42.2482 63.6171 23.3754 57.2535 0.0000 32.4648
agrd2_human.pdb 48.1710 39.6803 26.0814 21.1198 51.6476 47.0750 23.0226 39.8494 35.3146 32.2705 32.6609 35.6508 36.1254 37.4106 42.6213 19.8147 42.5814 32.4648 0.0000
