19
acm4_human.pdb 1.0000 0.6544 0.4330 0.4937 0.4386 0.6023 0.5867 0.5120 0.5952 0.5120 0.6629 0.4683 0.4922 0.6657 0.4725 0.4556 0.4937 0.5599 0.4739
acm2_human.pdb 0.6544 1.0000 0.4316 0.4838 0.4372 0.5924 0.5769 0.5035 0.5853 0.5120 0.6530 0.4669 0.4824 0.6474 0.4626 0.4542 0.4922 0.5501 0.4725
5ht5a_human.pdb 0.4330 0.4316 1.0000 0.4231 0.3808 0.4739 0.4415 0.3992 0.4711 0.3907 0.4669 0.3681 0.4133 0.4654 0.4062 0.4020 0.4133 0.4118 0.3780
5ht2a_human.pdb 0.4937 0.4838 0.4231 1.0000 0.4922 0.4401 0.4584 0.5684 0.4401 0.4457 0.5190 0.4401 0.6079 0.5571 0.5755 0.5247 0.4781 0.4781 0.4626
5ht4r_human.pdb 0.4386 0.4372 0.3808 0.4922 1.0000 0.4034 0.4386 0.4993 0.3963 0.4316 0.4401 0.4288 0.5035 0.4556 0.4824 0.5120 0.4499 0.4513 0.4260
acm1_human.pdb 0.6023 0.5924 0.4739 0.4401 0.4034 1.0000 0.5529 0.4640 0.6417 0.4542 0.6305 0.4217 0.4513 0.6361 0.4386 0.4401 0.4485 0.5148 0.4217
drd2_human.pdb 0.5867 0.5769 0.4415 0.4584 0.4386 0.5529 1.0000 0.4485 0.5472 0.4654 0.5952 0.4528 0.4499 0.6037 0.4471 0.4372 0.5063 0.5726 0.4542
5ht2c_human.pdb 0.5120 0.5035 0.3992 0.5684 0.4993 0.4640 0.4485 1.0000 0.4570 0.4979 0.5106 0.4499 0.5839 0.5430 0.5585 0.5374 0.4457 0.4471 0.4626
ada1a_human.pdb 0.5952 0.5853 0.4711 0.4401 0.3963 0.6417 0.5472 0.4570 1.0000 0.4471 0.6389 0.4288 0.4598 0.6432 0.4330 0.4330 0.4443 0.5106 0.4161
5ht1e_human.pdb 0.5120 0.5120 0.3907 0.4457 0.4316 0.4542 0.4654 0.4979 0.4471 1.0000 0.5120 0.4598 0.4669 0.5049 0.4485 0.4401 0.4570 0.4584 0.4654
acm5_human.pdb 0.6629 0.6530 0.4669 0.5190 0.4401 0.6305 0.5952 0.5106 0.6389 0.5120 1.0000 0.4880 0.5388 0.7264 0.4880 0.4725 0.5021 0.5684 0.4852
5ht1f_human.pdb 0.4683 0.4669 0.3681 0.4401 0.4288 0.4217 0.4528 0.4499 0.4288 0.4598 0.4880 1.0000 0.4725 0.5148 0.4626 0.4598 0.4556 0.4570 0.4781
5ht2b_human.pdb 0.4922 0.4824 0.4133 0.6079 0.5035 0.4513 0.4499 0.5839 0.4598 0.4669 0.5388 0.4725 1.0000 0.5571 0.5797 0.5515 0.4711 0.4697 0.4866
acm3_human.pdb 0.6657 0.6474 0.4654 0.5571 0.4556 0.6361 0.6037 0.5430 0.6432 0.5049 0.7264 0.5148 0.5571 1.0000 0.5698 0.5162 0.5007 0.5670 0.5106
5ht7r_human.pdb 0.4725 0.4626 0.4062 0.5755 0.4824 0.4386 0.4471 0.5585 0.4330 0.4485 0.4880 0.4626 0.5797 0.5698 1.0000 0.5656 0.4654 0.4640 0.5219
5ht6r_human.pdb 0.4556 0.4542 0.4020 0.5247 0.5120 0.4401 0.4372 0.5374 0.4330 0.4401 0.4725 0.4598 0.5515 0.5162 0.5656 1.0000 0.4471 0.4485 0.4570
5ht1d_human.pdb 0.4937 0.4922 0.4133 0.4781 0.4499 0.4485 0.5063 0.4457 0.4443 0.4570 0.5021 0.4556 0.4711 0.5007 0.4654 0.4471 1.0000 0.5289 0.4697
5ht1a_human.pdb 0.5599 0.5501 0.4118 0.4781 0.4513 0.5148 0.5726 0.4471 0.5106 0.4584 0.5684 0.4570 0.4697 0.5670 0.4640 0.4485 0.5289 1.0000 0.4683
5ht1b_human.pdb 0.4739 0.4725 0.3780 0.4626 0.4260 0.4217 0.4542 0.4626 0.4161 0.4654 0.4852 0.4781 0.4866 0.5106 0.5219 0.4570 0.4697 0.4683 1.0000
