19
acm4_human.pdb 273.5575 67.1693 78.9966 46.2946 39.4761 81.0836 174.5243 43.4906 51.4008 56.9553 90.2360 34.1222 85.8340 174.6686 132.3999 70.9380 96.3122 124.3698 88.5368
acm2_human.pdb 67.1693 273.5575 106.2883 55.1392 36.3910 110.1568 218.6360 81.2222 61.1944 60.2030 107.4093 87.5516 78.5895 145.9416 150.0191 92.8263 105.9755 110.7949 104.6726
5ht5a_human.pdb 78.9966 106.2883 273.5575 46.3732 41.5401 36.0246 111.4200 48.3659 31.5098 94.0488 62.3581 72.6991 96.6887 110.4218 120.0265 55.1105 79.5469 47.1440 73.7007
5ht2a_human.pdb 46.2946 55.1392 46.3732 273.5575 47.3667 48.4952 60.8789 98.2278 75.1366 23.1888 12.3769 17.9930 15.5932 109.3028 169.2564 111.6933 91.0488 34.0689 59.3204
5ht4r_human.pdb 39.4761 36.3910 41.5401 47.3667 273.5575 40.5836 29.4458 63.4886 83.8959 19.0108 17.8103 30.0411 87.1459 41.6750 114.6488 63.9068 82.6709 7.2054 11.9779
acm1_human.pdb 81.0836 110.1568 36.0246 48.4952 40.5836 273.5575 188.8107 77.3100 0.2742 75.9930 83.8844 42.5505 69.6604 174.4374 101.8323 9.5692 77.4453 104.5429 80.1907
drd2_human.pdb 174.5243 218.6360 111.4200 60.8789 29.4458 188.8107 273.5575 98.6169 61.4162 61.3214 192.4118 71.4800 107.0120 186.7461 188.8421 91.0731 66.0130 118.1867 106.6306
5ht2c_human.pdb 43.4906 81.2222 48.3659 98.2278 63.4886 77.3100 98.6169 273.5575 37.8898 29.4793 42.0773 93.3163 49.1151 159.7511 135.9068 88.9182 71.5189 38.9403 100.3874
ada1a_human.pdb 51.4008 61.1944 31.5098 75.1366 83.8959 0.2742 61.4162 37.8898 273.5575 60.8193 43.5276 46.4325 64.3948 60.2134 158.6662 46.9699 76.3874 38.5369 30.6544
5ht1e_human.pdb 56.9553 60.2030 94.0488 23.1888 19.0108 75.9930 61.3214 29.4793 60.8193 273.5575 60.7697 39.0999 64.9767 85.2445 142.0827 41.2876 29.8023 55.7924 81.7224
acm5_human.pdb 90.2360 107.4093 62.3581 12.3769 17.8103 83.8844 192.4118 42.0773 43.5276 60.7697 273.5575 52.4269 43.6257 184.6488 129.2236 78.0123 50.4010 70.7650 101.7566
5ht1f_human.pdb 34.1222 87.5516 72.6991 17.9930 30.0411 42.5505 71.4800 93.3163 46.4325 39.0999 52.4269 273.5575 32.8094 1.1670 88.0086 24.2337 42.5848 22.3817 15.4818
5ht2b_human.pdb 85.8340 78.5895 96.6887 15.5932 87.1459 69.6604 107.0120 49.1151 64.3948 64.9767 43.6257 32.8094 273.5575 58.5562 154.6302 126.9765 63.2086 75.5314 93.8363
acm3_human.pdb 174.6686 145.9416 110.4218 109.3028 41.6750 174.4374 186.7461 159.7511 60.2134 85.2445 184.6488 1.1670 58.5562 273.5575 146.7671 0.0000 76.7651 116.1502 82.4818
5ht7r_human.pdb 132.3999 150.0191 120.0265 169.2564 114.6488 101.8323 188.8421 135.9068 158.6662 142.0827 129.2236 88.0086 154.6302 146.7671 273.5575 127.9013 176.5922 129.8545 110.3591
5ht6r_human.pdb 70.9380 92.8263 55.1105 111.6933 63.9068 9.5692 91.0731 88.9182 46.9699 41.2876 78.0123 24.2337 126.9765 0.0000 127.9013 273.5575 69.5039 54.6708 41.2458
5ht1d_human.pdb 96.3122 105.9755 79.5469 91.0488 82.6709 77.4453 66.0130 71.5189 76.3874 29.8023 50.4010 42.5848 63.2086 76.7651 176.5922 69.5039 273.5575 29.4373 87.2065
5ht1a_human.pdb 124.3698 110.7949 47.1440 34.0689 7.2054 104.5429 118.1867 38.9403 38.5369 55.7924 70.7650 22.3817 75.5314 116.1502 129.8545 54.6708 29.4373 273.5575 36.8997
5ht1b_human.pdb 88.5368 104.6726 73.7007 59.3204 11.9779 80.1907 106.6306 100.3874 30.6544 81.7224 101.7566 15.4818 93.8363 82.4818 110.3591 41.2458 87.2065 36.8997 273.5575
