19
acm4_human.pdb 0.0000 10.5879 12.4897 13.3377 6.5231 20.9532 17.5141 14.7682 35.5479 8.3628 24.9871 8.6924 10.4946 26.1129 16.3404 11.2416 12.3512 16.4865 11.3764
acm2_human.pdb 10.5879 0.0000 13.6909 11.6276 7.3694 20.6152 17.5108 10.8701 34.4964 8.5722 26.6465 9.8758 7.2208 24.2763 13.1055 11.0778 11.8099 16.2136 12.4612
5ht5a_human.pdb 12.4897 13.6909 0.0000 15.3422 10.3018 16.2514 17.0408 16.1934 26.6363 10.9627 15.7251 11.4480 14.1838 20.5629 14.3250 14.6201 10.8572 10.6325 13.9635
5ht2a_human.pdb 13.3377 11.6276 15.3422 0.0000 16.2258 16.8956 12.4690 22.5892 23.3694 8.5414 10.1451 9.1096 14.8626 14.5077 26.1512 18.9142 16.1419 14.5802 15.1822
5ht4r_human.pdb 6.5231 7.3694 10.3018 16.2258 0.0000 13.0933 4.1804 14.3302 21.2521 7.8544 7.1615 6.8067 15.1654 8.6739 12.3083 19.2334 5.3221 4.6249 7.9286
acm1_human.pdb 20.9532 20.6152 16.2514 16.8956 13.0933 0.0000 21.6746 17.6009 36.6166 17.5212 25.7370 16.5112 17.4279 28.4584 16.8775 15.4454 16.6607 17.5925 18.4693
drd2_human.pdb 17.5141 17.5108 17.0408 12.4690 4.1804 21.6746 0.0000 13.3962 32.1166 13.6486 24.5462 7.1996 8.3240 21.2875 11.5330 9.6143 14.1643 15.3048 11.3110
5ht2c_human.pdb 14.7682 10.8701 16.1934 22.5892 14.3302 17.6009 13.3962 0.0000 25.3985 10.4480 13.5125 11.8505 19.6224 20.9574 20.5202 19.8788 12.9417 11.7162 14.5715
ada1a_human.pdb 35.5479 34.4964 26.6363 23.3694 21.2521 36.6166 32.1166 25.3985 0.0000 25.4513 37.2184 23.9819 24.2433 35.1253 23.1374 22.4614 23.8718 31.6797 25.6131
5ht1e_human.pdb 8.3628 8.5722 10.9627 8.5414 7.8544 17.5212 13.6486 10.4480 25.4513 0.0000 12.2307 11.0088 7.3362 14.2990 11.8911 11.7373 9.2197 8.7039 12.8473
acm5_human.pdb 24.9871 26.6465 15.7251 10.1451 7.1615 25.7370 24.5462 13.5125 37.2184 12.2307 0.0000 10.7734 10.4394 26.9829 12.7834 9.9315 13.6857 18.0600 14.7259
5ht1f_human.pdb 8.6924 9.8758 11.4480 9.1096 6.8067 16.5112 7.1996 11.8505 23.9819 11.0088 10.7734 0.0000 9.0464 6.6034 6.5908 5.6167 7.5340 5.9876 6.8237
5ht2b_human.pdb 10.4946 7.2208 14.1838 14.8626 15.1654 17.4279 8.3240 19.6224 24.2433 7.3362 10.4394 9.0464 0.0000 18.2946 22.0298 14.8691 11.3587 8.6906 12.9992
acm3_human.pdb 26.1129 24.2763 20.5629 14.5077 8.6739 28.4584 21.2875 20.9574 35.1253 14.2990 26.9829 6.6034 18.2946 0.0000 17.0123 7.3366 17.2941 18.1043 10.4082
5ht7r_human.pdb 16.3404 13.1055 14.3250 26.1512 12.3083 16.8775 11.5330 20.5202 23.1374 11.8911 12.7834 6.5908 22.0298 17.0123 0.0000 15.3035 10.1603 10.2121 13.9488
5ht6r_human.pdb 11.2416 11.0778 14.6201 18.9142 19.2334 15.4454 9.6143 19.8788 22.4614 11.7373 9.9315 5.6167 14.8691 7.3366 15.3035 0.0000 10.3554 9.4609 8.5686
5ht1d_human.pdb 12.3512 11.8099 10.8572 16.1419 5.3221 16.6607 14.1643 12.9417 23.8718 9.2197 13.6857 7.5340 11.3587 17.2941 10.1603 10.3554 0.0000 8.6592 11.4833
5ht1a_human.pdb 16.4865 16.2136 10.6325 14.5802 4.6249 17.5925 15.3048 11.7162 31.6797 8.7039 18.0600 5.9876 8.6906 18.1043 10.2121 9.4609 8.6592 0.0000 10.0083
5ht1b_human.pdb 11.3764 12.4612 13.9635 15.1822 7.9286 18.4693 11.3110 14.5715 25.6131 12.8473 14.7259 6.8237 12.9992 10.4082 13.9488 8.5686 11.4833 10.0083 0.0000
