15
glp1r_human.pdb 1.0000 0.5794 0.6702 0.6838 0.6445 0.6490 0.6142 0.6445 0.6747 0.6475 0.6369 0.6036 0.6838 0.6263 0.6747
crfr2_human.pdb 0.5794 1.0000 0.5855 0.5930 0.5567 0.5976 0.5794 0.5658 0.6067 0.5643 0.5567 0.5613 0.6203 0.5809 0.5794
vipr1_human.pdb 0.6702 0.5855 1.0000 0.6793 0.6354 0.6475 0.6172 0.6278 0.6657 0.6369 0.6263 0.5961 0.6778 0.6293 0.6717
pth1r_human.pdb 0.6838 0.5930 0.6793 1.0000 0.7095 0.6687 0.6263 0.7005 0.7005 0.6596 0.6929 0.6233 0.7610 0.6490 0.8169
calcr_human.pdb 0.6445 0.5567 0.6354 0.7095 1.0000 0.6233 0.5870 0.6838 0.6324 0.6369 0.6974 0.6218 0.6566 0.5961 0.6914
pacr_human.pdb 0.6490 0.5976 0.6475 0.6687 0.6233 1.0000 0.6309 0.6293 0.6793 0.6324 0.6233 0.5946 0.6778 0.6354 0.6566
ghrhr_human.pdb 0.6142 0.5794 0.6172 0.6263 0.5870 0.6309 1.0000 0.5930 0.6339 0.5930 0.5870 0.5567 0.6339 0.6339 0.6157
gipr_human.pdb 0.6445 0.5658 0.6278 0.7005 0.6838 0.6293 0.5930 1.0000 0.6460 0.6324 0.6808 0.6263 0.6505 0.6021 0.6808
glr_human.pdb 0.6747 0.6067 0.6657 0.7005 0.6324 0.6793 0.6339 0.6460 1.0000 0.6369 0.6324 0.6021 0.7156 0.6566 0.6868
sctr_human.pdb 0.6475 0.5643 0.6369 0.6596 0.6369 0.6324 0.5930 0.6324 0.6369 1.0000 0.6309 0.6006 0.6445 0.5991 0.6475
calrl_human.pdb 0.6369 0.5567 0.6263 0.6929 0.6974 0.6233 0.5870 0.6808 0.6324 0.6309 1.0000 0.6218 0.6369 0.5961 0.6732
crfr1_human.pdb 0.6036 0.5613 0.5961 0.6233 0.6218 0.5946 0.5567 0.6263 0.6021 0.6006 0.6218 1.0000 0.6036 0.5658 0.6036
glp2r_human.pdb 0.6838 0.6203 0.6778 0.7610 0.6566 0.6778 0.6339 0.6505 0.7156 0.6445 0.6369 0.6036 1.0000 0.6566 0.7564
vipr2_human.pdb 0.6263 0.5809 0.6293 0.6490 0.5961 0.6354 0.6339 0.6021 0.6566 0.5991 0.5961 0.5658 0.6566 1.0000 0.6369
pth2r_human.pdb 0.6747 0.5794 0.6717 0.8169 0.6914 0.6566 0.6157 0.6808 0.6868 0.6475 0.6732 0.6036 0.7564 0.6369 1.0000
