15
glp1r_human.pdb 311.0559 158.9168 76.0092 146.6211 230.9244 114.5751 191.4272 132.2292 119.4344 126.0974 232.0585 181.2677 105.1626 152.9587 184.1454
crfr2_human.pdb 158.9168 311.0559 67.0355 63.0465 160.8683 118.5304 89.5392 61.4799 58.1431 89.5124 161.2370 93.4605 82.6500 97.6343 68.5787
vipr1_human.pdb 76.0092 67.0355 311.0559 75.3601 126.1842 49.2933 89.9746 166.1423 94.8833 32.6552 143.9881 153.8610 83.9334 136.7629 149.1300
pth1r_human.pdb 146.6211 63.0465 75.3601 311.0559 125.8612 122.4560 85.9089 149.7744 188.3590 18.0446 131.7461 107.5729 190.5367 115.2508 0.0000
calcr_human.pdb 230.9244 160.8683 126.1842 125.8612 311.0559 162.4512 188.2145 128.9405 188.9612 130.2168 29.1467 140.3125 165.6881 133.4269 96.9707
pacr_human.pdb 114.5751 118.5304 49.2933 122.4560 162.4512 311.0559 113.1719 154.9646 44.9826 38.0339 154.2314 171.0176 80.8421 13.9675 149.7143
ghrhr_human.pdb 191.4272 89.5392 89.9746 85.9089 188.2145 113.1719 311.0559 179.6805 77.1158 108.5096 161.2279 161.2527 144.9820 32.5198 104.5580
gipr_human.pdb 132.2292 61.4799 166.1423 149.7744 128.9405 154.9646 179.6805 311.0559 127.1185 178.6420 191.2376 105.3585 128.7693 181.1613 142.4658
glr_human.pdb 119.4344 58.1431 94.8833 188.3590 188.9612 44.9826 77.1158 127.1185 311.0559 109.2560 169.9916 161.0261 76.4086 108.1265 223.7621
sctr_human.pdb 126.0974 89.5124 32.6552 18.0446 130.2168 38.0339 108.5096 178.6420 109.2560 311.0559 168.7706 171.0701 87.0495 60.4775 74.1937
calrl_human.pdb 232.0585 161.2370 143.9881 131.7461 29.1467 154.2314 161.2279 191.2376 169.9916 168.7706 311.0559 115.3044 185.2678 107.8811 180.2865
crfr1_human.pdb 181.2677 93.4605 153.8610 107.5729 140.3125 171.0176 161.2527 105.3585 161.0261 171.0701 115.3044 311.0559 155.1612 163.8559 123.5462
glp2r_human.pdb 105.1626 82.6500 83.9334 190.5367 165.6881 80.8421 144.9820 128.7693 76.4086 87.0495 185.2678 155.1612 311.0559 99.4705 206.7376
vipr2_human.pdb 152.9587 97.6343 136.7629 115.2508 133.4269 13.9675 32.5198 181.1613 108.1265 60.4775 107.8811 163.8559 99.4705 311.0559 143.3216
pth2r_human.pdb 184.1454 68.5787 149.1300 0.0000 96.9707 149.7143 104.5580 142.4658 223.7621 74.1937 180.2865 123.5462 206.7376 143.3216 311.0559
