15
glp1r_human.pdb 0.0000 9.1483 10.3525 13.1197 19.5444 13.6746 12.8431 11.7165 12.3301 12.6942 16.8907 12.2380 23.1776 14.8059 15.3186
crfr2_human.pdb 9.1483 0.0000 9.2760 10.8408 10.8861 9.9858 10.8755 8.7822 8.7987 9.5921 9.8031 7.4112 14.3206 11.0557 20.3716
vipr1_human.pdb 10.3525 9.2760 0.0000 8.6268 16.5144 10.7816 11.2558 12.1119 10.5194 8.3476 13.5951 10.4173 21.1513 11.3833 17.0850
pth1r_human.pdb 13.1197 10.8408 8.6268 0.0000 17.7766 12.4963 10.8276 14.3604 11.5307 9.7965 13.9019 8.6630 23.8525 11.7637 16.6746
calcr_human.pdb 19.5444 10.8861 16.5144 17.7766 0.0000 11.5172 13.4010 17.1566 13.6634 17.2322 8.8593 8.3530 14.7507 10.5765 18.6901
pacr_human.pdb 13.6746 9.9858 10.7816 12.4963 11.5172 0.0000 9.4081 15.7895 9.6920 11.0691 11.0814 10.7171 13.8349 9.4018 19.2124
ghrhr_human.pdb 12.8431 10.8755 11.2558 10.8276 13.4010 9.4081 0.0000 16.1141 8.0255 10.8593 9.8463 8.0857 13.8506 6.0778 17.6491
gipr_human.pdb 11.7165 8.7822 12.1119 14.3604 17.1566 15.7895 16.1141 0.0000 15.6857 14.7288 18.4008 11.6963 17.2294 15.7743 14.9060
glr_human.pdb 12.3301 8.7987 10.5194 11.5307 13.6634 9.6920 8.0255 15.6857 0.0000 13.6736 10.8514 9.3878 14.8041 10.4847 19.2613
sctr_human.pdb 12.6942 9.5921 8.3476 9.7965 17.2322 11.0691 10.8593 14.7288 13.6736 0.0000 15.9588 13.4191 21.3553 11.7848 11.1971
calrl_human.pdb 16.8907 9.8031 13.5951 13.9019 8.8593 11.0814 9.8463 18.4008 10.8514 15.9588 0.0000 7.7178 13.7991 7.9981 14.4050
crfr1_human.pdb 12.2380 7.4112 10.4173 8.6630 8.3530 10.7171 8.0857 11.6963 9.3878 13.4191 7.7178 0.0000 11.1843 9.3809 9.1034
glp2r_human.pdb 23.1776 14.3206 21.1513 23.8525 14.7507 13.8349 13.8506 17.2294 14.8041 21.3553 13.7991 11.1843 0.0000 13.2273 27.8700
vipr2_human.pdb 14.8059 11.0557 11.3833 11.7637 10.5765 9.4018 6.0778 15.7743 10.4847 11.7848 7.9981 9.3809 13.2273 0.0000 18.7663
pth2r_human.pdb 15.3186 20.3716 17.0850 16.6746 18.6901 19.2124 17.6491 14.9060 19.2613 11.1971 14.4050 9.1034 27.8700 18.7663 0.0000
