19
gpr42_human.pdb 344.0283 251.6519 226.9429 284.5897 229.8259 226.1951 287.6435 274.7396 199.6562 255.0760 122.9079 283.5919 265.1901 248.8392 226.7089 264.1867 0.0000 298.1447 122.0387
lpar2_human.pdb 251.6519 344.0283 79.8410 148.0401 159.6991 150.3587 247.2727 188.6811 165.2704 177.2103 212.6341 179.6795 181.9164 138.9385 149.1557 78.1390 246.4838 225.2749 202.6725
lpar3_human.pdb 226.9429 79.8410 344.0283 103.3625 157.8339 158.4837 186.6121 172.7791 177.3959 162.5757 201.1659 127.4251 175.1111 84.5224 173.1020 103.8386 220.5987 225.1852 161.6581
s1pr2_human.pdb 284.5897 148.0401 103.3625 344.0283 205.5301 174.3582 239.5386 197.2841 174.0550 148.4295 246.7784 104.6683 185.0485 83.8719 197.1896 116.8546 288.8517 201.7696 170.2157
lpar4_human.pdb 229.8259 159.6991 157.8339 205.5301 344.0283 194.2532 261.3738 172.1794 125.9852 162.3108 209.7880 214.8263 174.0242 199.9097 118.3109 214.8387 229.6052 221.5577 113.6120
cltr2_human.pdb 226.1951 150.3587 158.4837 174.3582 194.2532 344.0283 256.6439 169.6958 139.9397 135.7000 222.6086 161.3115 143.2092 179.1153 89.7925 183.0815 221.0708 158.2284 160.0064
oxer1_human.pdb 287.6435 247.2727 186.6121 239.5386 261.3738 256.6439 344.0283 162.0996 192.1543 249.2428 294.1114 246.8968 261.7677 237.0270 225.0769 223.7451 284.9886 169.7418 295.7820
lt4r2_human.pdb 274.7396 188.6811 172.7791 197.2841 172.1794 169.6958 162.0996 344.0283 128.9106 126.6495 246.6067 174.5800 139.9246 162.5811 198.2848 214.4008 265.8571 142.5307 177.8057
ffar1_human.pdb 199.6562 165.2704 177.3959 174.0550 125.9852 139.9397 192.1543 128.9106 344.0283 141.7093 180.3761 164.9141 119.2407 156.0413 143.2699 186.2254 201.0808 147.0533 169.7619
ffar4_human.pdb 255.0760 177.2103 162.5757 148.4295 162.3108 135.7000 249.2428 126.6495 141.7093 344.0283 232.3756 121.0718 163.1083 128.1414 155.7272 183.1186 254.0476 149.1036 162.6249
ffar2_human.pdb 122.9079 212.6341 201.1659 246.7784 209.7880 222.6086 294.1114 246.6067 180.3761 232.3756 344.0283 249.2676 231.6748 235.5552 202.9228 226.7671 125.7343 272.6763 131.5866
s1pr1_human.pdb 283.5919 179.6795 127.4251 104.6683 214.8263 161.3115 246.8968 174.5800 164.9141 121.0718 249.2676 344.0283 218.3747 94.0762 218.1718 182.8033 281.4948 200.3480 186.7425
lpar5_human.pdb 265.1901 181.9164 175.1111 185.0485 174.0242 143.2092 261.7677 139.9246 119.2407 163.1083 231.6748 218.3747 344.0283 195.2634 147.6986 171.7954 264.0107 206.3219 186.4908
lpar1_human.pdb 248.8392 138.9385 84.5224 83.8719 199.9097 179.1153 237.0270 162.5811 156.0413 128.1414 235.5552 94.0762 195.2634 344.0283 203.6306 149.2953 259.7332 202.1322 173.9369
cltr1_human.pdb 226.7089 149.1557 173.1020 197.1896 118.3109 89.7925 225.0769 198.2848 143.2699 155.7272 202.9228 218.1718 147.6986 203.6306 344.0283 147.5942 225.6355 216.1790 153.8443
s1pr3_human.pdb 264.1867 78.1390 103.8386 116.8546 214.8387 183.0815 223.7451 214.4008 186.2254 183.1186 226.7671 182.8033 171.7954 149.2953 147.5942 344.0283 262.1160 224.1533 204.6855
ffar3_human.pdb 0.0000 246.4838 220.5987 288.8517 229.6052 221.0708 284.9886 265.8571 201.0808 254.0476 125.7343 281.4948 264.0107 259.7332 225.6355 262.1160 344.0283 295.5831 128.5158
lt4r1_human.pdb 298.1447 225.2749 225.1852 201.7696 221.5577 158.2284 169.7418 142.5307 147.0533 149.1036 272.6763 200.3480 206.3219 202.1322 216.1790 224.1533 295.5831 344.0283 219.9726
lpar6_human.pdb 122.0387 202.6725 161.6581 170.2157 113.6120 160.0064 295.7820 177.8057 169.7619 162.6249 131.5866 186.7425 186.4908 173.9369 153.8443 204.6855 128.5158 219.9726 344.0283
