19
gpr42_human.pdb 0.0000 11.2977 15.1338 21.8963 16.2050 13.4647 25.7666 18.6361 8.6964 14.7349 7.0904 23.4299 16.7717 14.2391 11.6577 22.1751 0.4446 21.9623 6.3064
lpar2_human.pdb 11.2977 0.0000 9.7968 5.9821 8.7283 10.7043 14.7944 12.5822 7.5407 7.8693 10.3297 7.8178 8.9977 7.4911 7.4550 5.3512 11.3345 12.3693 11.5593
lpar3_human.pdb 15.1338 9.7968 0.0000 9.6014 10.9375 11.7488 15.7470 12.9130 5.8406 9.4782 13.0799 11.2034 13.0634 9.2272 9.9845 11.6590 15.2662 11.6571 12.5098
s1pr2_human.pdb 21.8963 5.9821 9.6014 0.0000 14.2326 12.7911 15.1689 17.0674 6.3466 7.5738 18.5986 8.6978 11.6331 5.0655 7.9523 7.6821 21.8486 14.7833 15.1284
lpar4_human.pdb 16.2050 8.7283 10.9375 14.2326 0.0000 15.9200 19.4169 11.3994 7.3145 11.8204 9.8623 13.1514 10.1906 11.7528 6.1826 16.8923 16.2988 13.6679 8.6089
cltr2_human.pdb 13.4647 10.7043 11.7488 12.7911 15.9200 0.0000 16.2607 8.2806 6.3357 8.4419 12.8467 13.7564 10.5561 15.2466 11.0197 13.5216 13.5161 8.3651 13.9453
oxer1_human.pdb 25.7666 14.7944 15.7470 15.1689 19.4169 16.2607 0.0000 16.1642 5.8684 13.2562 21.0934 18.1989 17.5585 15.9742 13.3187 19.2793 25.7706 15.4751 17.8406
lt4r2_human.pdb 18.6361 12.5822 12.9130 17.0674 11.3994 8.2806 16.1642 0.0000 6.1715 9.2223 13.7377 13.2254 11.8505 11.2031 10.9783 19.1039 18.7922 11.0952 13.6775
ffar1_human.pdb 8.6964 7.5407 5.8406 6.3466 7.3145 6.3357 5.8684 6.1715 0.0000 5.4001 8.2709 6.1884 5.2126 6.3402 6.2732 7.5806 8.7539 6.1928 8.4020
ffar4_human.pdb 14.7349 7.8693 9.4782 7.5738 11.8204 8.4419 13.2562 9.2223 5.4001 0.0000 8.9832 9.7051 7.6784 6.1783 9.6782 13.2090 14.7643 11.0780 9.9403
ffar2_human.pdb 7.0904 10.3297 13.0799 18.5986 9.8623 12.8467 21.0934 13.7377 8.2709 8.9832 0.0000 15.6302 12.5803 13.0372 10.1868 16.4529 7.1301 17.7083 5.1726
s1pr1_human.pdb 23.4299 7.8178 11.2034 8.6978 13.1514 13.7564 18.1989 13.2254 6.1884 9.7051 15.6302 0.0000 11.1817 7.3800 9.5567 15.2486 23.4800 16.1391 13.7433
lpar5_human.pdb 16.7717 8.9977 13.0634 11.6331 10.1906 10.5561 17.5585 11.8505 5.2126 7.6784 12.5803 11.1817 0.0000 8.8450 8.2937 15.6263 16.8105 14.5102 12.1223
lpar1_human.pdb 14.2391 7.4911 9.2272 5.0655 11.7528 15.2466 15.9742 11.2031 6.3402 6.1783 13.0372 7.3800 8.8450 0.0000 9.0825 10.0305 14.3180 10.1221 12.7984
cltr1_human.pdb 11.6577 7.4550 9.9845 7.9523 6.1826 11.0197 13.3187 10.9783 6.2732 9.6782 10.1868 9.5567 8.2937 9.0825 0.0000 9.2213 11.7389 11.5703 9.7345
s1pr3_human.pdb 22.1751 5.3512 11.6590 7.6821 16.8923 13.5216 19.2793 19.1039 7.5806 13.2090 16.4529 15.2486 15.6263 10.0305 9.2213 0.0000 22.1602 15.4035 14.8451
ffar3_human.pdb 0.4446 11.3345 15.2662 21.8486 16.2988 13.5161 25.7706 18.7922 8.7539 14.7643 7.1301 23.4800 16.8105 14.3180 11.7389 22.1602 0.0000 22.0866 6.3563
lt4r1_human.pdb 21.9623 12.3693 11.6571 14.7833 13.6679 8.3651 15.4751 11.0952 6.1928 11.0780 17.7083 16.1391 14.5102 10.1221 11.5703 15.4035 22.0866 0.0000 16.8291
lpar6_human.pdb 6.3064 11.5593 12.5098 15.1284 8.6089 13.9453 17.8406 13.6775 8.4020 9.9403 5.1726 13.7433 12.1223 12.7984 9.7345 14.8451 6.3563 16.8291 0.0000
