19
gpr42_human.pdb 1.0000 0.8345 0.8465 0.8605 0.9283 0.8477 0.8604 0.8704 0.9315 0.8292 0.9860 0.8900 0.8952 0.8277 0.8869 0.8850 1.0000 0.8788 0.9437
lpar2_human.pdb 0.8345 1.0000 0.9937 0.9578 0.8549 0.8535 0.8941 0.8980 0.9118 0.9212 0.8602 0.9679 0.9084 0.9715 0.8816 0.9852 0.8340 0.8776 0.8621
lpar3_human.pdb 0.8465 0.9937 1.0000 0.9479 0.8459 0.8541 0.8944 0.9003 0.9153 0.9198 0.8595 0.9686 0.9060 0.9621 0.8835 0.9828 0.8415 0.8814 0.8656
s1pr2_human.pdb 0.8605 0.9578 0.9479 1.0000 0.8726 0.8460 0.9032 0.8969 0.8943 0.8874 0.8528 0.9775 0.9147 0.9578 0.8844 0.9970 0.8289 0.8857 0.8586
lpar4_human.pdb 0.9283 0.8549 0.8459 0.8726 1.0000 0.9561 0.8874 0.8597 0.9161 0.8503 0.9299 0.8956 0.8730 0.8624 0.9680 0.8726 0.9123 0.8830 0.9496
cltr2_human.pdb 0.8477 0.8535 0.8541 0.8460 0.9561 1.0000 0.8963 0.8243 0.8784 0.8667 0.8601 0.8954 0.8562 0.8858 0.9711 0.8780 0.8387 0.8367 0.8838
oxer1_human.pdb 0.8604 0.8941 0.8944 0.9032 0.8874 0.8963 1.0000 0.9465 0.9018 0.8980 0.8315 0.9155 0.9076 0.9011 0.9071 0.8959 0.8575 0.9564 0.8367
lt4r2_human.pdb 0.8704 0.8980 0.9003 0.8969 0.8597 0.8243 0.9465 1.0000 0.9122 0.8831 0.8397 0.9215 0.9512 0.8803 0.8645 0.9266 0.8520 0.9633 0.8484
ffar1_human.pdb 0.9315 0.9118 0.9153 0.8943 0.9161 0.8784 0.9018 0.9122 1.0000 0.9283 0.9061 0.9103 0.9489 0.9072 0.8976 0.9089 0.9290 0.9146 0.9283
ffar4_human.pdb 0.8292 0.9212 0.9198 0.8874 0.8503 0.8667 0.8980 0.8831 0.9283 1.0000 0.8253 0.9534 0.8999 0.9100 0.8995 0.9268 0.8261 0.8903 0.8449
ffar2_human.pdb 0.9860 0.8602 0.8595 0.8528 0.9299 0.8601 0.8315 0.8397 0.9061 0.8253 1.0000 0.8726 0.8756 0.8373 0.8827 0.8761 0.9861 0.8475 0.9652
s1pr1_human.pdb 0.8900 0.9679 0.9686 0.9775 0.8956 0.8954 0.9155 0.9215 0.9103 0.9534 0.8726 1.0000 0.9092 0.9678 0.9087 0.9625 0.8932 0.9269 0.8766
lpar5_human.pdb 0.8952 0.9084 0.9060 0.9147 0.8730 0.8562 0.9076 0.9512 0.9489 0.8999 0.8756 0.9092 1.0000 0.8807 0.9016 0.9146 0.8841 0.9408 0.8839
lpar1_human.pdb 0.8277 0.9715 0.9621 0.9578 0.8624 0.8858 0.9011 0.8803 0.9072 0.9100 0.8373 0.9678 0.8807 1.0000 0.8909 0.9496 0.8164 0.8662 0.8476
cltr1_human.pdb 0.8869 0.8816 0.8835 0.8844 0.9680 0.9711 0.9071 0.8645 0.8976 0.8995 0.8827 0.9087 0.9016 0.8909 1.0000 0.9083 0.8862 0.8821 0.9324
s1pr3_human.pdb 0.8850 0.9852 0.9828 0.9970 0.8726 0.8780 0.8959 0.9266 0.9089 0.9268 0.8761 0.9625 0.9146 0.9496 0.9083 1.0000 0.8756 0.9250 0.8808
ffar3_human.pdb 1.0000 0.8340 0.8415 0.8289 0.9123 0.8387 0.8575 0.8520 0.9290 0.8261 0.9861 0.8932 0.8841 0.8164 0.8862 0.8756 1.0000 0.8775 0.9436
lt4r1_human.pdb 0.8788 0.8776 0.8814 0.8857 0.8830 0.8367 0.9564 0.9633 0.9146 0.8903 0.8475 0.9269 0.9408 0.8662 0.8821 0.9250 0.8775 1.0000 0.8634
lpar6_human.pdb 0.9437 0.8621 0.8656 0.8586 0.9496 0.8838 0.8367 0.8484 0.9283 0.8449 0.9652 0.8766 0.8839 0.8476 0.9324 0.8808 0.9436 0.8634 1.0000
