11
fzd10_huma0.0000              0.4101              0.3900              0.3989              0.3146              0.4235              0.3923              0.4161              0.3806              0.3640              0.4088              
fzd1_human0.4101              0.0000              0.2518              0.4117              0.3579              0.3647              0.4134              0.2514              0.4310              0.4306              0.4807              
fzd2_human0.3900              0.2518              0.0000              0.3574              0.3841              0.3570              0.3568              0.2399              0.3929              0.4119              0.4015              
fzd3_human0.3989              0.4117              0.3574              0.0000              0.3578              0.4146              0.3849              0.3671              0.4595              0.4354              0.4397              
fzd4_human0.3146              0.3579              0.3841              0.3578              0.0000              0.3987              0.3804              0.4007              0.3262              0.3657              0.4071              
fzd5_human0.4235              0.3647              0.3570              0.4146              0.3987              0.0000              0.4026              0.3573              0.3738              0.4285              0.4064              
fzd6_human0.3923              0.4134              0.3568              0.3849              0.3804              0.4026              0.0000              0.3652              0.4755              0.4502              0.4901              
fzd7_human0.4161              0.2514              0.2399              0.3671              0.4007              0.3573              0.3652              0.0000              0.3832              0.4002              0.4198              
fzd8_human0.3806              0.4310              0.3929              0.4595              0.3262              0.3738              0.4755              0.3832              0.0000              0.4144              0.5037              
fzd9_human0.3640              0.4306              0.4119              0.4354              0.3657              0.4285              0.4502              0.4002              0.4144              0.0000              0.4474              
smo_human.0.4088              0.4807              0.4015              0.4397              0.4071              0.4064              0.4901              0.4198              0.5037              0.4474              0.0000              
