(((((fzd10_huma:0.15730,fzd4_human:0.15730):0.01940,fzd8_human:0.17670):0.01398,
fzd9_human:0.19068):0.01313,((((fzd1_human:0.12580,(fzd2_human:0.11995,
fzd7_human:0.11995):0.00585):0.05403,fzd5_human:0.17983):0.01242,
fzd6_human:0.19225):0.00132,fzd3_human:0.19357):0.01025):0.01644,
smo_human.:0.22026);
