                    fzd10_human.pdb     fzd1_human.pdb      fzd2_human.pdb      fzd3_human.pdb      fzd4_human.pdb      fzd5_human.pdb      fzd6_human.pdb      fzd7_human.pdb      fzd8_human.pdb      fzd9_human.pdb      smo_human.pdb       
fzd10_human.pdb     1.0000              0.5899              0.6100              0.6011              0.6854              0.5765              0.6077              0.5839              0.6194              0.6360              0.5912              
fzd1_human.pdb      0.5899              1.0000              0.7482              0.5883              0.6421              0.6353              0.5866              0.7486              0.5690              0.5694              0.5193              
fzd2_human.pdb      0.6100              0.7482              1.0000              0.6426              0.6159              0.6430              0.6432              0.7601              0.6071              0.5881              0.5985              
fzd3_human.pdb      0.6011              0.5883              0.6426              1.0000              0.6422              0.5854              0.6151              0.6329              0.5405              0.5646              0.5603              
fzd4_human.pdb      0.6854              0.6421              0.6159              0.6422              1.0000              0.6013              0.6196              0.5993              0.6738              0.6343              0.5929              
fzd5_human.pdb      0.5765              0.6353              0.6430              0.5854              0.6013              1.0000              0.5974              0.6427              0.6262              0.5715              0.5936              
fzd6_human.pdb      0.6077              0.5866              0.6432              0.6151              0.6196              0.5974              1.0000              0.6348              0.5245              0.5498              0.5099              
fzd7_human.pdb      0.5839              0.7486              0.7601              0.6329              0.5993              0.6427              0.6348              1.0000              0.6168              0.5998              0.5802              
fzd8_human.pdb      0.6194              0.5690              0.6071              0.5405              0.6738              0.6262              0.5245              0.6168              1.0000              0.5856              0.4963              
fzd9_human.pdb      0.6360              0.5694              0.5881              0.5646              0.6343              0.5715              0.5498              0.5998              0.5856              1.0000              0.5526              
smo_human.pdb       0.5912              0.5193              0.5985              0.5603              0.5929              0.5936              0.5099              0.5802              0.4963              0.5526              1.0000              
