29
cxcr5_human.pdb 513.6552 339.5287 327.0652 290.5127 311.5845 377.6515 298.8635 314.0722 303.9564 247.5345 342.9105 366.6096 338.1069 300.6998 298.2806 331.1691 308.4445 293.1808 354.7546 314.7928 399.1348 279.7017 340.0943 265.9488 231.2313 279.1901 321.1843 294.5720 275.0788
ackr4_human.pdb 339.5287 513.6552 302.2619 377.9093 320.1964 364.4134 400.4295 375.6443 334.9988 334.4010 422.7989 373.5330 364.2360 367.0861 315.3920 340.5761 371.9463 270.3649 338.1492 422.9680 368.9105 290.0744 273.4864 359.4013 388.3193 327.4626 324.6679 384.5752 361.7444
xcr1_human.pdb 327.0652 302.2619 513.6552 377.6609 339.0258 374.9594 375.4346 366.3399 383.2473 303.9905 410.4898 360.8342 372.6174 364.4110 338.8165 388.9327 386.0630 302.3672 367.8611 405.9085 369.2654 257.4181 289.7776 348.4701 393.8826 271.6226 327.9137 372.3210 357.1535
ackr2_human.pdb 290.5127 377.9093 377.6609 513.6552 377.8223 374.5164 300.5048 266.6271 280.7125 268.9862 356.9678 352.3034 352.7672 295.9264 285.0631 348.1107 290.4912 265.3692 337.7205 328.6273 363.0880 378.6614 345.9349 262.1350 293.1732 297.4332 259.5485 339.8355 292.9073
cxcr4_human.pdb 311.5845 320.1964 339.0258 377.8223 513.6552 335.0795 387.2219 368.3886 327.1359 339.6915 415.7791 374.6038 414.3667 369.9087 354.8426 428.3559 373.1596 320.6545 329.0747 418.3563 363.5303 347.4084 292.5393 317.1372 348.5520 321.8771 310.4165 370.4690 360.2926
cxcr3_human.pdb 377.6515 364.4134 374.9594 374.5164 335.0795 513.6552 363.5887 321.0292 344.5305 388.1926 382.1220 364.4787 413.3783 335.4630 369.7356 407.9512 329.7221 330.4346 381.4956 353.9954 391.2113 383.3396 273.1700 317.3483 346.8970 336.6014 331.5229 250.2010 306.3533
cxcr6_human.pdb 298.8635 400.4295 375.4346 300.5048 387.2219 363.5887 513.6552 270.9066 300.4308 299.0276 347.5263 352.8583 331.2053 292.8682 313.8649 368.5050 291.4198 279.4899 307.9859 319.9063 313.7474 392.0103 339.9068 280.0276 314.9018 271.6512 298.1743 293.4434 286.7123
ccr5_human.pdb 314.0722 375.6443 366.3399 266.6271 368.3886 321.0292 270.9066 513.6552 297.8069 267.3527 320.0752 318.0886 323.5655 274.3204 284.4550 353.6706 273.2382 267.9783 316.6045 348.1757 344.8924 363.5449 267.7940 259.8493 303.4686 276.6025 236.5653 327.1602 282.9234
ccr10_human.pdb 303.9564 334.9988 383.2473 280.7125 327.1359 344.5305 300.4308 297.8069 513.6552 297.5912 389.9679 331.2792 334.5942 297.6748 291.0065 346.1560 306.0474 287.3127 335.7836 354.5639 358.0439 367.8174 293.7742 284.9106 305.6299 325.0543 280.3754 315.2421 276.1779
cxcr1_human.pdb 247.5345 334.4010 303.9905 268.9862 339.6915 388.1926 299.0276 267.3527 297.5912 513.6552 294.2311 373.9484 332.5840 287.0282 253.0168 309.0971 301.5334 249.1931 365.6109 318.9500 400.1106 331.0286 327.4526 269.4891 279.2779 299.6240 306.8063 328.3746 301.1515
ccr7_human.pdb 342.9105 422.7989 410.4898 356.9678 415.7791 382.1220 347.5263 320.0752 389.9679 294.2311 513.6552 421.7170 397.8211 385.6409 322.8008 398.3267 351.6787 288.9671 407.9597 374.2389 422.9614 420.3096 318.8902 369.9256 402.7572 396.0542 358.5616 356.3125 337.8448
lshr_human.pdb 366.6096 373.5330 360.8342 352.3034 374.6038 364.4787 352.8583 318.0886 331.2792 373.9484 421.7170 513.6552 58.0825 369.8560 375.8918 103.1302 335.9625 329.9793 320.8040 388.3757 301.3197 391.6468 325.9280 349.2606 371.7707 351.4889 314.8020 352.1406 336.7877
fshr_human.pdb 338.1069 364.2360 372.6174 352.7672 414.3667 413.3783 331.2053 323.5655 334.5942 332.5840 397.8211 58.0825 513.6552 327.8781 331.6346 0.0000 348.2274 306.5726 319.6953 422.7195 336.6637 368.4268 330.9949 315.8782 370.8046 330.4998 331.2641 386.4920 345.2284
ccrl2_human.pdb 300.6998 367.0861 364.4110 295.9264 369.9087 335.4630 292.8682 274.3204 297.6748 287.0282 385.6409 369.8560 327.8781 513.6552 309.7555 338.9826 299.3045 286.5012 370.2655 329.2004 383.6027 348.3251 294.5902 283.5571 326.0922 301.1888 276.6546 305.2271 291.1435
ccr9_human.pdb 298.2806 315.3920 338.8165 285.0631 354.8426 369.7356 313.8649 284.4550 291.0065 253.0168 322.8008 375.8918 331.6346 309.7555 513.6552 331.3605 300.5605 284.1079 355.9810 344.9434 381.3241 327.0828 380.4448 309.3464 316.6946 316.5400 311.8059 357.8715 279.9711
tshr_human.pdb 331.1691 340.5761 388.9327 348.1107 428.3559 407.9512 368.5050 353.6706 346.1560 309.0971 398.3267 103.1302 0.0000 338.9826 331.3605 513.6552 368.4928 318.9621 343.1397 391.1697 376.2208 419.2693 338.0192 356.7215 391.2934 357.4961 325.7943 415.3404 359.3021
cx3c1_human.pdb 308.4445 371.9463 386.0630 290.4912 373.1596 329.7221 291.4198 273.2382 306.0474 301.5334 351.6787 335.9625 348.2274 299.3045 300.5605 368.4928 513.6552 259.9086 339.4989 337.6208 335.5971 380.4881 303.4874 294.2085 307.7754 354.2085 256.2935 325.2984 290.5040
ccr6_human.pdb 293.1808 270.3649 302.3672 265.3692 320.6545 330.4346 279.4899 267.9783 287.3127 249.1931 288.9671 329.9793 306.5726 286.5012 284.1079 318.9621 259.9086 513.6552 282.7958 355.0478 328.7552 295.6668 304.8406 257.9266 310.0279 292.2609 232.0585 315.7858 294.0364
pkr2_human.pdb 354.7546 338.1492 367.8611 337.7205 329.0747 381.4956 307.9859 316.6045 335.7836 365.6109 407.9597 320.8040 319.6953 370.2655 355.9810 343.1397 339.4989 282.7958 513.6552 415.8230 204.7819 373.1456 317.1198 353.0246 365.3635 339.7504 269.3101 350.0385 333.2364
ackr1_human.pdb 314.7928 422.9680 405.9085 328.6273 418.3563 353.9954 319.9063 348.1757 354.5639 318.9500 374.2389 388.3757 422.7195 329.2004 344.9434 391.1697 337.6208 355.0478 415.8230 513.6552 437.2508 418.2564 386.0286 340.2646 343.3810 361.7183 341.6128 356.8237 358.8613
pkr1_human.pdb 399.1348 368.9105 369.2654 363.0880 363.5303 391.2113 313.7474 344.8924 358.0439 400.1106 422.9614 301.3197 336.6637 383.6027 381.3241 376.2208 335.5971 328.7552 204.7819 437.2508 513.6552 384.9130 333.9494 367.4815 374.8467 348.9305 303.8261 354.9461 363.9800
ccr8_human.pdb 279.7017 290.0744 257.4181 378.6614 347.4084 383.3396 392.0103 363.5449 367.8174 331.0286 420.3096 391.6468 368.4268 348.3251 327.0828 419.2693 380.4881 295.6668 373.1456 418.2564 384.9130 513.6552 268.4305 349.7558 394.8124 305.6783 338.9338 377.6765 349.1605
ackr3_human.pdb 340.0943 273.4864 289.7776 345.9349 292.5393 273.1700 339.9068 267.7940 293.7742 327.4526 318.8902 325.9280 330.9949 294.5902 380.4448 338.0192 303.4874 304.8406 317.1198 386.0286 333.9494 268.4305 513.6552 282.6663 300.9954 301.7208 257.0376 298.7461 295.0976
ccr3_human.pdb 265.9488 359.4013 348.4701 262.1350 317.1372 317.3483 280.0276 259.8493 284.9106 269.4891 369.9256 349.2606 315.8782 283.5571 309.3464 356.7215 294.2085 257.9266 353.0246 340.2646 367.4815 349.7558 282.6663 513.6552 237.4989 267.7840 252.8372 308.9843 285.8567
ccr4_human.pdb 231.2313 388.3193 393.8826 293.1732 348.5520 346.8970 314.9018 303.4686 305.6299 279.2779 402.7572 371.7707 370.8046 326.0922 316.6946 391.2934 307.7754 310.0279 365.3635 343.3810 374.8467 394.8124 300.9954 237.4989 513.6552 306.9863 300.3803 307.7150 309.8997
cml1_human.pdb 279.1901 327.4626 271.6226 297.4332 321.8771 336.6014 271.6512 276.6025 325.0543 299.6240 396.0542 351.4889 330.4998 301.1888 316.5400 357.4961 354.2085 292.2609 339.7504 361.7183 348.9305 305.6783 301.7208 267.7840 306.9863 513.6552 307.4819 322.8856 297.7954
ccr1_human.pdb 321.1843 324.6679 327.9137 259.5485 310.4165 331.5229 298.1743 236.5653 280.3754 306.8063 358.5616 314.8020 331.2641 276.6546 311.8059 325.7943 256.2935 232.0585 269.3101 341.6128 303.8261 338.9338 257.0376 252.8372 300.3803 307.4819 513.6552 279.3774 277.7627
ccr2_human.pdb 294.5720 384.5752 372.3210 339.8355 370.4690 250.2010 293.4434 327.1602 315.2421 328.3746 356.3125 352.1406 386.4920 305.2271 357.8715 415.3404 325.2984 315.7858 350.0385 356.8237 354.9461 377.6765 298.7461 308.9843 307.7150 322.8856 279.3774 513.6552 256.4777
cxcr2_human.pdb 275.0788 361.7444 357.1535 292.9073 360.2926 306.3533 286.7123 282.9234 276.1779 301.1515 337.8448 336.7877 345.2284 291.1435 279.9711 359.3021 290.5040 294.0364 333.2364 358.8613 363.9800 349.1605 295.0976 285.8567 309.8997 297.7954 277.7627 256.4777 513.6552
