22
grm2_human.pdb 1.0000 0.3467 0.3504 0.3584 0.3479 0.1218 0.3025 0.3584 0.3258 0.2912 0.1343 0.3183 0.3196 0.1231 0.3121 0.1439 0.3338 0.3454 0.3596 0.1965 0.3529 0.3212
gpc6a_human.pdb 0.3467 1.0000 0.3450 0.3584 0.3425 0.1243 0.3045 0.3588 0.3367 0.3045 0.1398 0.3191 0.3204 0.1285 0.3100 0.1498 0.3513 0.3742 0.3600 0.2015 0.3751 0.3217
grm3_human.pdb 0.3504 0.3450 1.0000 0.3613 0.3559 0.1222 0.2979 0.3625 0.3242 0.2962 0.1373 0.3191 0.3212 0.1252 0.3108 0.1460 0.3287 0.3438 0.3625 0.1952 0.3567 0.3237
grm8_human.pdb 0.3584 0.3584 0.3613 1.0000 0.3605 0.1252 0.3037 0.3788 0.3304 0.3050 0.1406 0.3296 0.3262 0.1293 0.3200 0.1502 0.3388 0.3563 0.3788 0.2044 0.3688 0.3329
grm6_human.pdb 0.3479 0.3425 0.3559 0.3605 1.0000 0.1185 0.3008 0.3621 0.3267 0.2950 0.1310 0.3162 0.3254 0.1197 0.3137 0.1406 0.3342 0.3408 0.3625 0.1907 0.3559 0.3196
gpc5d_human.pdb 0.1218 0.1243 0.1222 0.1252 0.1185 1.0000 0.1310 0.1252 0.1135 0.1431 0.1427 0.1389 0.1272 0.1389 0.1176 0.1435 0.1147 0.1222 0.1252 0.1410 0.1439 0.1398
gabr2_human.pdb 0.3025 0.3045 0.2979 0.3037 0.3008 0.1310 1.0000 0.3037 0.2820 0.2945 0.1523 0.3600 0.3538 0.1331 0.3037 0.1681 0.2883 0.3079 0.3041 0.2219 0.3926 0.3596
grm4_human.pdb 0.3584 0.3588 0.3625 0.3788 0.3621 0.1252 0.3037 1.0000 0.3304 0.3054 0.1406 0.3296 0.3275 0.1293 0.3212 0.1502 0.3392 0.3567 0.3805 0.2044 0.3705 0.3342
ts1r2_human.pdb 0.3258 0.3367 0.3242 0.3304 0.3267 0.1135 0.2820 0.3304 1.0000 0.2816 0.1260 0.2966 0.3062 0.1147 0.2954 0.1373 0.3292 0.3450 0.3312 0.1823 0.3379 0.2995
gp158_human.pdb 0.2912 0.3045 0.2962 0.3050 0.2950 0.1431 0.2945 0.3054 0.2816 1.0000 0.1627 0.3963 0.3133 0.1489 0.2762 0.1619 0.2862 0.3083 0.3058 0.1648 0.5069 0.3917
gpc5b_human.pdb 0.1343 0.1398 0.1373 0.1406 0.1310 0.1427 0.1523 0.1406 0.1260 0.1627 1.0000 0.1619 0.1485 0.1469 0.1289 0.1652 0.1272 0.1377 0.1406 0.1631 0.1681 0.1627
grm5_human.pdb 0.3183 0.3191 0.3191 0.3296 0.3162 0.1389 0.3600 0.3296 0.2966 0.3963 0.1619 1.0000 0.3621 0.1427 0.3371 0.1773 0.3037 0.3204 0.3300 0.2582 0.5056 0.4844
gabr1_human.pdb 0.3196 0.3204 0.3212 0.3262 0.3254 0.1272 0.3538 0.3275 0.3062 0.3133 0.1485 0.3621 1.0000 0.1293 0.3292 0.1644 0.3125 0.3221 0.3279 0.2115 0.4009 0.3675
rai3_human.pdb 0.1231 0.1285 0.1252 0.1293 0.1197 0.1389 0.1331 0.1293 0.1147 0.1489 0.1469 0.1427 0.1293 1.0000 0.1176 0.1489 0.1160 0.1264 0.1293 0.1460 0.1489 0.1435
ts1r1_human.pdb 0.3121 0.3100 0.3108 0.3200 0.3137 0.1176 0.3037 0.3212 0.2954 0.2762 0.1289 0.3371 0.3292 0.1176 1.0000 0.1410 0.3020 0.3100 0.3212 0.2003 0.3509 0.3429
gpc5c_human.pdb 0.1439 0.1498 0.1460 0.1502 0.1406 0.1435 0.1681 0.1502 0.1373 0.1619 0.1652 0.1773 0.1644 0.1489 0.1410 1.0000 0.1368 0.1502 0.1502 0.1777 0.1840 0.1786
ts1r3_human.pdb 0.3338 0.3513 0.3287 0.3388 0.3342 0.1147 0.2883 0.3392 0.3292 0.2862 0.1272 0.3037 0.3125 0.1160 0.3020 0.1368 1.0000 0.3446 0.3404 0.1861 0.3442 0.3066
casr_human.pdb 0.3454 0.3742 0.3438 0.3563 0.3408 0.1222 0.3079 0.3567 0.3450 0.3083 0.1377 0.3204 0.3221 0.1264 0.3100 0.1502 0.3446 1.0000 0.3571 0.2011 0.4385 0.3229
grm7_human.pdb 0.3596 0.3600 0.3625 0.3788 0.3625 0.1252 0.3041 0.3805 0.3312 0.3058 0.1406 0.3300 0.3279 0.1293 0.3212 0.1502 0.3404 0.3571 1.0000 0.2044 0.3709 0.3342
gp156_human.pdb 0.1965 0.2015 0.1952 0.2044 0.1907 0.1410 0.2219 0.2044 0.1823 0.1648 0.1631 0.2582 0.2115 0.1460 0.2003 0.1777 0.1861 0.2011 0.2044 1.0000 0.3396 0.2537
gp179_human.pdb 0.3529 0.3751 0.3567 0.3688 0.3559 0.1439 0.3926 0.3705 0.3379 0.5069 0.1681 0.5056 0.4009 0.1489 0.3509 0.1840 0.3442 0.4385 0.3709 0.3396 1.0000 0.4981
grm1_human.pdb 0.3212 0.3217 0.3237 0.3329 0.3196 0.1398 0.3596 0.3342 0.2995 0.3917 0.1627 0.4844 0.3675 0.1435 0.3429 0.1786 0.3066 0.3229 0.3342 0.2537 0.4981 1.0000
