22
grm2_human.pdb 1.0000 0.9520 0.9630 0.9847 0.9561 0.8232 0.8284 0.9846 0.9298 0.7922 0.7881 0.8726 0.8742 0.8096 0.8865 0.7721 0.9383 0.9486 0.9882 0.5740 0.9436 0.8805
gpc6a_human.pdb 0.9520 1.0000 0.9395 0.9439 0.9360 0.8426 0.7847 0.9406 0.9614 0.7837 0.8234 0.8231 0.8259 0.8513 0.8802 0.7903 0.9869 0.9660 0.9413 0.5870 0.9451 0.8298
grm3_human.pdb 0.9630 0.9395 1.0000 0.9850 0.9726 0.8346 0.8086 0.9883 0.9257 0.8009 0.8098 0.8660 0.8725 0.8198 0.8824 0.7857 0.9243 0.9368 0.9884 0.5699 0.9523 0.8784
grm8_human.pdb 0.9847 0.9439 0.9850 1.0000 0.9851 0.8529 0.7980 0.9999 0.9435 0.7985 0.8267 0.8659 0.8580 0.8471 0.9084 0.8075 0.9521 0.9402 0.9999 0.5968 0.9591 0.8744
grm6_human.pdb 0.9561 0.9360 0.9726 0.9851 1.0000 0.8103 0.8181 0.9896 0.9328 0.8012 0.7725 0.8604 0.8857 0.7916 0.8908 0.7557 0.9395 0.9314 0.9908 0.5566 0.9572 0.8698
gpc5d_human.pdb 0.8232 0.8426 0.8346 0.8529 0.8103 1.0000 0.8757 0.8213 0.6995 0.8249 0.9818 0.8758 0.8599 0.9597 0.7524 0.9927 0.7091 0.7741 0.8325 0.9559 0.9224 0.8499
gabr2_human.pdb 0.8284 0.7847 0.8086 0.7980 0.8181 0.8757 1.0000 0.7948 0.8017 0.7434 0.8942 0.9106 0.9001 0.8811 0.8622 0.9043 0.8069 0.7811 0.7932 0.6444 0.9851 0.9125
grm4_human.pdb 0.9846 0.9406 0.9883 0.9999 0.9896 0.8213 0.7948 1.0000 0.9434 0.7965 0.8238 0.8621 0.8575 0.8458 0.9120 0.8065 0.9533 0.9369 0.9998 0.5966 0.9604 0.8737
ts1r2_human.pdb 0.9298 0.9614 0.9257 0.9435 0.9328 0.6995 0.8017 0.9434 1.0000 0.7998 0.7451 0.8438 0.8704 0.7626 0.8408 0.7385 0.9397 0.9853 0.9459 0.5324 0.9289 0.8523
gp158_human.pdb 0.7922 0.7837 0.8009 0.7985 0.8012 0.8249 0.7434 0.7965 0.7998 1.0000 0.9137 0.7775 0.7717 0.9392 0.7797 0.8624 0.7980 0.6818 0.7927 0.4824 0.9927 0.7800
gpc5b_human.pdb 0.7881 0.8234 0.8098 0.8267 0.7725 0.9818 0.8942 0.8238 0.7451 0.9137 1.0000 0.8510 0.8677 0.9786 0.7211 0.9710 0.7437 0.7809 0.8225 0.9284 0.9247 0.9249
grm5_human.pdb 0.8726 0.8231 0.8660 0.8659 0.8604 0.8758 0.9106 0.8621 0.8438 0.7775 0.8510 1.0000 0.8975 0.8985 0.9603 0.9033 0.8518 0.7108 0.8623 0.7462 0.9887 0.9697
gabr1_human.pdb 0.8742 0.8259 0.8725 0.8580 0.8857 0.8599 0.9001 0.8575 0.8704 0.7717 0.8677 0.8975 1.0000 0.8579 0.9335 0.8837 0.8744 0.7994 0.8548 0.6135 0.9740 0.9132
rai3_human.pdb 0.8096 0.8513 0.8198 0.8471 0.7916 0.9597 0.8811 0.8458 0.7626 0.9392 0.9786 0.8985 0.8579 1.0000 0.7815 0.9890 0.7490 0.8012 0.8526 0.9378 0.8965 0.8723
ts1r1_human.pdb 0.8865 0.8802 0.8824 0.9084 0.8908 0.7524 0.8622 0.9120 0.8408 0.7797 0.7211 0.9603 0.9335 0.7815 1.0000 0.7507 0.8566 0.8799 0.9121 0.5849 0.9810 0.9771
gpc5c_human.pdb 0.7721 0.7903 0.7857 0.8075 0.7557 0.9927 0.9043 0.8065 0.7385 0.8624 0.9710 0.9033 0.8837 0.9890 0.7507 1.0000 0.7347 0.7911 0.8048 0.9487 0.9511 0.9400
ts1r3_human.pdb 0.9383 0.9869 0.9243 0.9521 0.9395 0.7091 0.8069 0.9533 0.9397 0.7980 0.7437 0.8518 0.8744 0.7490 0.8566 0.7347 1.0000 0.9689 0.9571 0.5445 0.9277 0.8602
casr_human.pdb 0.9486 0.9660 0.9368 0.9402 0.9314 0.7741 0.7811 0.9369 0.9853 0.6818 0.7809 0.7108 0.7994 0.8012 0.8799 0.7911 0.9689 1.0000 0.9346 0.5886 0.9595 0.7159
grm7_human.pdb 0.9882 0.9413 0.9884 0.9999 0.9908 0.8325 0.7932 0.9998 0.9459 0.7927 0.8225 0.8623 0.8548 0.8526 0.9121 0.8048 0.9571 0.9346 1.0000 0.5953 0.9486 0.8700
gp156_human.pdb 0.5740 0.5870 0.5699 0.5968 0.5566 0.9559 0.6444 0.5966 0.5324 0.4824 0.9284 0.7462 0.6135 0.9378 0.5849 0.9487 0.5445 0.5886 0.5953 1.0000 0.9814 0.7383
gp179_human.pdb 0.9436 0.9451 0.9523 0.9591 0.9572 0.9224 0.9851 0.9604 0.9289 0.9927 0.9247 0.9887 0.9740 0.8965 0.9810 0.9511 0.9277 0.9595 0.9486 0.9814 1.0000 0.9875
grm1_human.pdb 0.8805 0.8298 0.8784 0.8744 0.8698 0.8499 0.9125 0.8737 0.8523 0.7800 0.9249 0.9697 0.9132 0.8723 0.9771 0.9400 0.8602 0.7159 0.8700 0.7383 0.9875 1.0000
