36
ada2b_human.pdb 279.2046 194.4578 108.9184 122.6483 82.5612 106.1633 129.1845 151.6773 131.0060 180.4434 218.0859 62.0865 124.3146 88.8824 107.4426 88.3981 68.0544 115.5674 114.9687 119.9620 85.2767 135.5900 99.7163 98.2048 82.0337 86.8551 62.5667 174.8998 98.7256 90.7304 128.1982 161.9648 70.9158 55.2666 40.9726 90.7421
hrh1_human.pdb 194.4578 279.2046 56.7959 84.0757 19.4753 52.7679 112.7451 73.6612 36.5515 132.4423 58.2788 69.9335 117.0560 42.0109 53.3708 67.0403 78.7672 92.6541 149.7059 53.8047 106.0691 54.9372 146.5044 11.9635 36.4520 52.3936 62.3324 83.4038 94.5997 50.4038 62.6345 79.1810 69.7947 67.9234 23.0647 6.5903
5ht1e_human.pdb 108.9184 56.7959 279.2046 64.7713 12.6379 33.7805 35.1264 106.6792 28.4964 65.8501 90.8916 87.3695 147.7298 66.4664 89.9749 66.4168 80.9673 70.6238 61.4395 44.7470 59.3664 65.2576 66.9685 24.6579 29.8052 28.8359 81.6401 112.0838 35.4494 64.1607 99.6959 62.6024 48.5630 180.1645 21.8319 46.9347
drd4_human.pdb 122.6483 84.0757 64.7713 279.2046 69.4749 48.7252 117.0892 156.0357 43.1557 95.5037 122.1761 63.1245 148.1101 93.5973 112.6525 127.0534 93.7106 118.0450 110.3614 95.4096 130.9195 87.9404 202.2583 51.1419 76.8856 73.6410 105.5443 95.7838 64.3918 78.9041 110.7658 58.1767 59.3622 180.2705 55.3391 100.3698
taar1_human.pdb 82.5612 19.4753 12.6379 69.4749 279.2046 8.7171 65.0805 27.3853 23.8783 43.7936 63.9695 22.6837 80.5530 16.1059 21.9791 9.7694 38.4725 57.8381 19.5473 40.9756 89.9354 39.8999 29.3315 0.0000 12.5849 29.9803 9.2605 54.4273 59.6450 18.6571 19.5978 57.3109 43.7952 56.0594 18.3504 15.3210
drd5_human.pdb 106.1633 52.7679 33.7805 48.7252 8.7171 279.2046 106.3206 109.8190 42.4311 72.5544 133.5900 76.3775 140.1729 137.6996 122.4366 68.6931 100.0338 134.1264 40.2655 46.3918 111.7157 120.9085 72.3273 37.4755 33.4401 98.0551 63.0924 55.6362 95.4456 113.7206 98.3424 57.1331 136.9880 177.6837 74.7344 82.3295
5ht2c_human.pdb 129.1845 112.7451 35.1264 117.0892 65.0805 106.3206 279.2046 112.3068 121.8212 86.8693 165.3982 106.0345 141.5539 43.5369 141.5281 47.7244 85.7251 54.7622 44.5875 98.9634 102.0676 77.7200 104.2640 69.1357 52.3573 103.8749 82.9571 115.0659 77.1660 11.5088 54.0130 49.1377 131.0610 175.2226 85.6210 94.5653
hrh3_human.pdb 151.6773 73.6612 106.6792 156.0357 27.3853 109.8190 112.3068 279.2046 95.7345 127.7199 137.0550 40.1764 79.7536 66.3757 70.8737 72.3256 169.2759 107.5594 108.5435 40.8096 76.8859 66.9506 198.4960 39.4266 83.3240 62.0457 101.9559 82.4491 108.8187 63.9227 73.9004 136.8862 102.6340 61.7556 64.3439 22.9596
ada1d_human.pdb 131.0060 36.5515 28.4964 43.1557 23.8783 42.4311 121.8212 95.7345 279.2046 45.4756 132.3913 49.0397 204.8348 37.0088 107.0459 68.6361 59.2813 125.4122 44.6130 34.5668 51.7686 36.0497 32.0200 77.4400 56.0364 82.6580 75.0815 60.5295 64.5647 83.6835 95.1628 5.6184 89.1450 147.6552 171.3220 153.0690
acm2_human.pdb 180.4434 132.4423 65.8501 95.5037 43.7936 72.5544 86.8693 127.7199 45.4756 279.2046 151.5887 110.3197 155.6662 66.8415 124.8777 113.0564 152.3083 84.2366 116.4420 93.1987 122.3334 85.6717 224.2831 42.0381 55.0320 60.7864 115.8039 144.9381 111.6226 61.6599 111.9354 72.8164 54.6933 190.4676 60.1068 98.4734
acm3_human.pdb 218.0859 58.2788 90.8916 122.1761 63.9695 133.5900 165.3982 137.0550 132.3913 151.5887 279.2046 88.1289 152.4142 65.8605 48.8240 190.2959 210.0696 64.2033 121.7973 6.8141 150.1211 84.5755 192.3932 47.3221 79.8572 114.9499 180.0845 173.0456 82.4123 50.4943 116.0689 180.3157 167.6550 135.3996 65.6305 5.6471
5ht1b_human.pdb 62.0865 69.9335 87.3695 63.1245 22.6837 76.3775 106.0345 40.1764 49.0397 110.3197 88.1289 279.2046 116.0062 36.3016 76.5180 107.4037 126.8006 99.4834 42.5468 21.1289 51.7552 14.8777 112.2778 17.6250 26.0190 64.9675 85.8378 91.3767 92.8537 96.1055 79.3478 94.1839 39.3303 79.8022 18.9421 46.8929
5ht7r_human.pdb 124.3146 117.0560 147.7298 148.1101 80.5530 140.1729 141.5539 79.7536 204.8348 155.6662 152.4142 116.0062 279.2046 164.3133 160.3546 134.8707 170.9899 160.2773 135.5016 93.6557 178.5289 116.3502 194.4892 120.2960 123.6282 174.9035 107.4794 203.8199 182.2394 177.0741 125.6737 138.0470 226.4634 156.4751 140.7832 133.5484
ada1a_human.pdb 88.8824 42.0109 66.4664 93.5973 16.1059 137.6996 43.5369 66.3757 37.0088 66.8415 65.8605 36.3016 164.3133 279.2046 68.7434 49.1747 84.5845 70.0419 44.1840 52.0796 74.7172 84.9590 67.0633 89.5430 61.9994 80.7837 5.9213 83.6048 82.0345 13.6444 37.1569 57.0479 135.6601 115.9765 61.9972 52.6170
adrb3_human.pdb 107.4426 53.3708 89.9749 112.6525 21.9791 122.4366 141.5281 70.8737 107.0459 124.8777 48.8240 76.5180 160.3546 68.7434 279.2046 118.0515 51.0036 123.0794 90.1280 59.4319 66.3740 107.6774 134.4297 87.2389 59.2455 105.4554 58.4590 107.7556 117.0149 81.2190 106.4435 128.9407 84.1964 24.2216 97.1072 108.6343
acm5_human.pdb 88.3981 67.0403 66.4168 127.0534 9.7694 68.6931 47.7244 72.3256 68.6361 113.0564 190.2959 107.4037 134.8707 49.1747 118.0515 279.2046 77.9352 49.2729 76.4121 58.0740 73.8257 79.9193 198.0589 23.4574 27.5391 18.0240 89.5315 104.2951 56.0481 47.6968 68.0052 95.8831 70.5838 104.3743 24.2422 83.6594
ada2a_human.pdb 68.0544 78.7672 80.9673 93.7106 38.4725 100.0338 85.7251 169.2759 59.2813 152.3083 210.0696 126.8006 170.9899 84.5845 51.0036 77.9352 279.2046 83.3422 184.1704 65.3524 115.0063 90.1394 141.5350 85.4129 71.4036 81.9426 91.6327 126.5515 78.8772 63.8484 118.7271 165.4748 139.8185 148.6662 63.3613 55.6798
5ht2b_human.pdb 115.5674 92.6541 70.6238 118.0450 57.8381 134.1264 54.7622 107.5594 125.4122 84.2366 64.2033 99.4834 160.2773 70.0419 123.0794 49.2729 83.3422 279.2046 81.1785 38.4565 96.9015 51.9059 112.6591 92.7930 127.0451 21.2403 75.3075 120.8964 68.8557 169.5605 102.3358 91.4811 135.7221 158.0934 125.3820 132.6236
5ht1a_human.pdb 114.9687 149.7059 61.4395 110.3614 19.5473 40.2655 44.5875 108.5435 44.6130 116.4420 121.7973 42.5468 135.5016 44.1840 90.1280 76.4121 184.1704 81.1785 279.2046 28.0288 127.7869 54.3770 123.8339 12.8525 9.7546 39.7160 110.1900 91.7430 35.0844 29.6623 52.7911 130.0169 51.0896 171.8661 28.6398 60.3179
5ht1f_human.pdb 119.9620 53.8047 44.7470 95.4096 40.9756 46.3918 98.9634 40.8096 34.5668 93.1987 6.8141 21.1289 93.6557 52.0796 59.4319 58.0740 65.3524 38.4565 28.0288 279.2046 93.8728 41.8344 77.1271 35.6882 23.5547 23.6402 48.1976 71.5341 48.2319 45.3761 78.3462 39.7693 31.0520 64.9118 23.6011 29.8809
ada2c_human.pdb 85.2767 106.0691 59.3664 130.9195 89.9354 111.7157 102.0676 76.8859 51.7686 122.3334 150.1211 51.7552 178.5289 74.7172 66.3740 73.8257 115.0063 96.9015 127.7869 93.8728 279.2046 24.6595 80.3178 83.7690 102.7360 78.0772 74.0021 129.2448 87.7147 61.4829 83.7989 131.1313 98.5372 136.2964 40.2773 115.4391
hrh4_human.pdb 135.5900 54.9372 65.2576 87.9404 39.8999 120.9085 77.7200 66.9506 36.0497 85.6717 84.5755 14.8777 116.3502 84.9590 107.6774 79.9193 90.1394 51.9059 54.3770 41.8344 24.6595 279.2046 100.3493 95.3190 62.7667 47.6227 117.9504 82.4950 71.7077 101.9870 81.0433 103.7443 65.6247 84.7883 132.2533 72.7876
drd2_human.pdb 99.7163 146.5044 66.9685 202.2583 29.3315 72.3273 104.2640 198.4960 32.0200 224.2831 192.3932 112.2778 194.4892 67.0633 134.4297 198.0589 141.5350 112.6591 123.8339 77.1271 80.3178 100.3493 279.2046 35.0929 62.7944 66.5260 194.4578 132.8409 71.6601 97.7073 117.0671 180.1714 86.2455 135.7149 70.9507 96.7202
5ht4r_human.pdb 98.2048 11.9635 24.6579 51.1419 0.0000 37.4755 69.1357 39.4266 77.4400 42.0381 47.3221 17.6250 120.2960 89.5430 87.2389 23.4574 85.4129 92.7930 12.8525 35.6882 83.7690 95.3190 35.0929 279.2046 73.7275 53.0138 46.2307 66.4465 88.3180 135.1511 47.1872 45.1232 90.3176 74.6234 38.8011 69.5539
drd1_human.pdb 82.0337 36.4520 29.8052 76.8856 12.5849 33.4401 52.3573 83.3240 56.0364 55.0320 79.8572 26.0190 123.6282 61.9994 59.2455 27.5391 71.4036 127.0451 9.7546 23.5547 102.7360 62.7667 62.7944 73.7275 279.2046 145.9419 37.2760 39.4922 32.5728 85.2226 54.1352 78.6029 155.0500 125.4906 65.7409 97.2071
5ht2a_human.pdb 86.8551 52.3936 28.8359 73.6410 29.9803 98.0551 103.8749 62.0457 82.6580 60.7864 114.9499 64.9675 174.9035 80.7837 105.4554 18.0240 81.9426 21.2403 39.7160 23.6402 78.0772 47.6227 66.5260 53.0138 145.9419 279.2046 54.1423 43.3573 96.6959 182.4112 52.0203 51.9417 112.3432 185.7771 171.7965 117.3404
acm1_human.pdb 62.5667 62.3324 81.6401 105.5443 9.2605 63.0924 82.9571 101.9559 75.0815 115.8039 180.0845 85.8378 107.4794 5.9213 58.4590 89.5315 91.6327 75.3075 110.1900 48.1976 74.0021 117.9504 194.4578 46.2307 37.2760 54.1423 279.2046 59.5928 83.0924 52.2918 41.6718 86.7307 78.8010 105.0864 41.1595 15.2163
drd3_human.pdb 174.8998 83.4038 112.0838 95.7838 54.4273 55.6362 115.0659 82.4491 60.5295 144.9381 173.0456 91.3767 203.8199 83.6048 107.7556 104.2951 126.5515 120.8964 91.7430 71.5341 129.2448 82.4950 132.8409 66.4465 39.4922 43.3573 59.5928 279.2046 131.8740 140.6532 95.8301 74.7745 81.1612 194.5103 47.4065 103.4804
5ht1d_human.pdb 98.7256 94.5997 35.4494 64.3918 59.6450 95.4456 77.1660 108.8187 64.5647 111.6226 82.4123 92.8537 182.2394 82.0345 117.0149 56.0481 78.8772 68.8557 35.0844 48.2319 87.7147 71.7077 71.6601 88.3180 32.5728 96.6959 83.0924 131.8740 279.2046 68.5746 85.1940 101.9594 69.4269 162.8416 64.4361 75.1510
ada1b_human.pdb 90.7304 50.4038 64.1607 78.9041 18.6571 113.7206 11.5088 63.9227 83.6835 61.6599 50.4943 96.1055 177.0741 13.6444 81.2190 47.6968 63.8484 169.5605 29.6623 45.3761 61.4829 101.9870 97.7073 135.1511 85.2226 182.4112 52.2918 140.6532 68.5746 279.2046 61.6474 69.9762 202.7584 119.9943 153.1887 99.8503
5ht5a_human.pdb 128.1982 62.6345 99.6959 110.7658 19.5978 98.3424 54.0130 73.9004 95.1628 111.9354 116.0689 79.3478 125.6737 37.1569 106.4435 68.0052 118.7271 102.3358 52.7911 78.3462 83.7989 81.0433 117.0671 47.1872 54.1352 52.0203 41.6718 95.8301 85.1940 61.6474 279.2046 84.6437 118.4442 167.6187 37.8466 60.7576
acm4_human.pdb 161.9648 79.1810 62.6024 58.1767 57.3109 57.1331 49.1377 136.8862 5.6184 72.8164 180.3157 94.1839 138.0470 57.0479 128.9407 95.8831 165.4748 91.4811 130.0169 39.7693 131.1313 103.7443 180.1714 45.1232 78.6029 51.9417 86.7307 74.7745 101.9594 69.9762 84.6437 279.2046 29.7832 153.6972 45.1085 76.5851
adrb2_human.pdb 70.9158 69.7947 48.5630 59.3622 43.7952 136.9880 131.0610 102.6340 89.1450 54.6933 167.6550 39.3303 226.4634 135.6601 84.1964 70.5838 139.8185 135.7221 51.0896 31.0520 98.5372 65.6247 86.2455 90.3176 155.0500 112.3432 78.8010 81.1612 69.4269 202.7584 118.4442 29.7832 279.2046 146.2412 72.9399 160.9610
adrb1_human.pdb 55.2666 67.9234 180.1645 180.2705 56.0594 177.6837 175.2226 61.7556 147.6552 190.4676 135.3996 79.8022 156.4751 115.9765 24.2216 104.3743 148.6662 158.0934 171.8661 64.9118 136.2964 84.7883 135.7149 74.6234 125.4906 185.7771 105.0864 194.5103 162.8416 119.9943 167.6187 153.6972 146.2412 279.2046 114.4110 72.4327
hrh2_human.pdb 40.9726 23.0647 21.8319 55.3391 18.3504 74.7344 85.6210 64.3439 171.3220 60.1068 65.6305 18.9421 140.7832 61.9972 97.1072 24.2422 63.3613 125.3820 28.6398 23.6011 40.2773 132.2533 70.9507 38.8011 65.7409 171.7965 41.1595 47.4065 64.4361 153.1887 37.8466 45.1085 72.9399 114.4110 279.2046 66.5492
5ht6r_human.pdb 90.7421 6.5903 46.9347 100.3698 15.3210 82.3295 94.5653 22.9596 153.0690 98.4734 5.6471 46.8929 133.5484 52.6170 108.6343 83.6594 55.6798 132.6236 60.3179 29.8809 115.4391 72.7876 96.7202 69.5539 97.2071 117.3404 15.2163 103.4804 75.1510 99.8503 60.7576 76.5851 160.9610 72.4327 66.5492 279.2046
