36
ada2b_human.pdb 0.0000 24.3792 23.3616 26.6625 18.3449 36.4626 29.6782 16.1771 34.2223 23.4190 32.4002 24.7027 36.6946 32.7442 32.3381 23.2485 10.4705 23.3384 27.0510 14.9202 31.2837 28.6453 23.7044 21.5388 25.8934 24.4301 17.5712 24.5316 25.2004 36.7196 11.0369 26.1905 32.2898 34.4780 27.1117 23.9525
hrh1_human.pdb 24.3792 0.0000 15.7144 31.3763 9.0040 30.4417 28.0340 16.9684 36.0106 29.4123 24.3065 14.6152 31.9410 30.8715 27.8223 22.1291 25.3788 9.1036 20.8213 14.7929 27.1560 19.8673 21.7267 8.7579 12.7167 9.4323 18.7680 16.8308 18.3171 33.7999 16.4430 29.8836 27.0031 29.2226 11.1686 4.9191
5ht1e_human.pdb 23.3616 15.7144 0.0000 31.7642 8.2463 31.7156 27.0386 19.1739 34.0477 26.3677 16.8282 8.1411 25.7108 26.7774 27.2402 11.9377 23.5436 9.2660 6.5809 13.8754 13.1979 10.8185 11.2000 6.9528 7.4306 8.6782 16.7179 9.2957 9.1442 30.2434 14.1251 23.9701 24.8032 27.2574 4.8010 8.4744
drd4_human.pdb 26.6625 31.3763 31.7642 0.0000 28.2212 42.9997 34.9087 30.4584 42.1560 28.2178 35.9801 31.1285 40.4104 33.5895 40.5726 34.9228 26.9044 34.6687 32.0011 25.2529 32.1271 31.4749 33.3453 32.3749 33.9608 33.8585 28.8081 32.0367 30.3981 36.2871 18.0077 28.2821 39.9506 41.8084 36.5336 35.4394
taar1_human.pdb 18.3449 9.0040 8.2463 28.2212 0.0000 24.8481 23.3359 12.9956 31.3933 25.0879 10.3068 8.1267 25.1695 24.8167 20.2101 6.5834 18.2486 7.3758 7.7146 13.0974 8.4006 8.7013 6.2845 3.8612 9.4651 7.6519 9.0887 10.3887 8.4507 31.8937 14.8503 21.2792 14.8120 21.8229 10.5188 9.8397
drd5_human.pdb 36.4626 30.4417 31.7156 42.9997 24.8481 0.0000 21.2054 35.3118 24.9822 41.9690 31.5683 29.1566 21.0020 18.5646 20.0539 31.3013 36.4136 28.3970 32.9249 29.9161 34.2523 31.4664 32.0827 25.5342 30.8435 28.8953 29.9395 31.8540 35.6622 25.7230 26.9620 41.3597 27.6617 23.7628 29.7656 26.9997
5ht2c_human.pdb 29.6782 28.0340 27.0386 34.9087 23.3359 21.2054 0.0000 28.7175 23.1288 29.6336 29.5802 29.7653 25.7621 16.5442 19.8052 32.9715 30.3015 33.9482 28.5953 25.6916 34.8846 33.6306 26.6514 26.1492 26.0528 30.9257 35.4063 28.6744 30.6385 20.5811 31.0905 34.0099 23.8319 23.7391 26.1128 24.3864
hrh3_human.pdb 16.1771 16.9684 19.1739 30.4584 12.9956 35.3118 28.7175 0.0000 35.0239 22.5895 17.1200 21.5491 36.3067 30.4817 31.7854 16.0659 17.0475 16.7594 19.2869 14.3934 20.9872 21.8963 16.8403 14.8829 20.0493 17.4098 11.9143 20.3822 20.9639 35.6982 15.3616 22.6696 20.2595 31.8590 20.6845 16.4537
ada1d_human.pdb 34.2223 36.0106 34.0477 42.1560 31.3933 24.9822 23.1288 35.0239 0.0000 36.7300 38.1891 31.4679 29.6757 19.5807 28.0343 38.9386 33.7639 33.2400 34.9155 25.4458 38.2724 35.0955 36.4886 32.1897 33.9586 35.8029 34.9439 33.5340 36.7513 25.0031 24.0069 39.0470 22.1986 31.4523 32.6835 31.9282
acm2_human.pdb 23.4190 29.4123 26.3677 28.2178 25.0879 41.9690 29.6336 22.5895 36.7300 0.0000 31.3192 24.8357 39.3828 31.7018 38.9647 27.9527 20.7646 30.4050 30.2834 17.1726 28.7777 28.1891 23.3794 28.6080 31.0929 30.6902 24.9508 28.1096 28.6251 34.4654 15.6580 16.0818 33.5114 38.7250 31.9869 31.0835
acm3_human.pdb 32.4002 24.3065 16.8282 35.9801 10.3068 31.5683 29.5802 17.1200 38.1891 31.3192 0.0000 19.8195 35.7543 29.8511 29.2520 27.1856 29.2493 11.9325 19.7113 16.7519 25.2609 18.9077 25.1818 10.6334 13.7105 14.3828 20.3761 22.3387 20.8528 34.1564 16.3026 32.2865 26.4023 32.1489 13.1354 7.3366
5ht1b_human.pdb 24.7027 14.6152 8.1411 31.1285 8.1267 29.1566 29.7653 21.5491 31.4679 24.8357 19.8195 0.0000 30.8937 30.5283 31.7508 16.8252 24.5355 13.3906 9.5307 13.1239 10.1901 5.9192 11.7908 9.1560 8.6726 15.5670 15.7401 9.2690 11.7236 34.9063 13.4977 21.1102 15.4058 33.2044 8.9904 12.3770
5ht7r_human.pdb 36.6946 31.9410 25.7108 40.4104 25.1695 21.0020 25.7621 36.3067 29.6757 39.3828 35.7543 30.8937 0.0000 22.3294 17.6514 32.0413 36.7380 29.2122 27.4614 29.8002 30.5837 28.0839 28.4959 25.3575 27.4862 30.9212 31.0985 25.2753 26.0228 27.7757 28.8654 37.8132 20.5826 19.6486 24.2552 23.0128
ada1a_human.pdb 32.7442 30.8715 26.7774 33.5895 24.8167 18.5646 16.5442 30.4817 19.5807 31.7018 29.8511 30.5283 22.3294 0.0000 20.5809 34.5540 31.6358 32.5644 30.1606 30.1846 37.2661 34.3795 28.2381 26.8665 27.0564 30.7652 36.6166 28.0371 31.3728 18.5949 26.6363 34.6067 19.4575 21.6990 26.0512 25.6246
adrb3_human.pdb 32.3381 27.8223 27.2402 40.5726 20.2101 20.0539 19.8052 31.7854 28.0343 38.9647 29.2520 31.7508 17.6514 20.5809 0.0000 24.6954 36.1583 22.2750 27.5661 29.1225 33.8525 31.3545 29.1883 21.1710 25.1396 24.1286 25.2972 27.5136 29.5335 20.3571 27.6674 37.2479 24.5975 9.6678 21.7380 18.6485
acm5_human.pdb 23.2485 22.1291 11.9377 34.9228 6.5834 31.3013 32.9715 16.0659 38.9386 27.9527 27.1856 16.8252 32.0413 34.5540 24.6954 0.0000 23.0159 10.0611 19.8860 17.0751 20.7758 19.4010 18.1485 6.9483 9.9671 8.4152 18.5790 17.6992 15.4493 36.8070 16.4018 29.6573 28.9912 24.7378 8.5310 9.1050
ada2a_human.pdb 10.4705 25.3788 23.5436 26.9044 18.2486 36.4136 30.3015 17.0475 33.7639 20.7646 29.2493 24.5355 36.7380 31.6358 36.1583 23.0159 0.0000 23.2637 26.9718 16.4484 31.0743 29.6300 22.1116 21.6927 25.9760 25.2201 16.2583 23.3242 26.3903 35.6442 12.9223 25.3780 30.8636 37.2472 28.3885 25.2685
5ht2b_human.pdb 23.3384 9.1036 9.2660 34.6687 7.3758 28.3970 33.9482 16.7594 33.2400 30.4050 11.9325 13.3906 29.2122 32.5644 22.2750 10.0611 23.2637 0.0000 10.3751 16.1018 12.6462 13.0097 9.2204 10.9246 13.8312 14.4870 17.3507 11.5418 13.7746 41.6874 18.9004 28.1279 19.3684 27.1076 15.2410 13.8185
5ht1a_human.pdb 27.0510 20.8213 6.5809 32.0011 7.7146 32.9249 28.5953 19.2869 34.9155 30.2834 19.7113 9.5307 27.4614 30.1606 27.5661 19.8860 26.9718 10.3751 0.0000 12.2124 17.9407 11.0610 17.5652 6.6731 3.4123 11.4764 19.8066 17.1414 9.3047 31.9171 14.2127 27.4911 29.8695 29.7436 5.9899 9.4590
5ht1f_human.pdb 14.9202 14.7929 13.8754 25.2529 13.0974 29.9161 25.6916 14.3934 25.4458 17.1726 16.7519 13.1239 29.8002 30.1846 29.1225 17.0751 16.4484 16.1018 12.2124 0.0000 11.9060 13.4475 13.9656 15.9635 17.4595 14.8411 15.5373 13.5853 13.2905 30.6222 9.1883 18.1804 23.0239 30.2591 19.4427 17.5342
ada2c_human.pdb 31.2837 27.1560 13.1979 32.1271 8.4006 34.2523 34.8846 20.9872 38.2724 28.7777 25.2609 10.1901 30.5837 37.2661 33.8525 20.7758 31.0743 12.6462 17.9407 11.9060 0.0000 9.0084 18.7352 9.5038 8.5045 17.5079 24.8753 18.8319 15.0343 40.1923 13.3328 24.0746 32.5124 36.1570 9.7772 13.1489
hrh4_human.pdb 28.6453 19.8673 10.8185 31.4749 8.7013 31.4664 33.6306 21.8963 35.0955 28.1891 18.9077 5.9192 28.0839 34.3795 31.3545 19.4010 29.6300 13.0097 11.0610 13.4475 9.0084 0.0000 16.7221 11.9099 15.8703 10.6284 22.9622 12.1997 9.1377 38.0149 13.8398 23.7466 29.3721 31.3667 14.3062 13.2662
drd2_human.pdb 23.7044 21.7267 11.2000 33.3453 6.2845 32.0827 26.6514 16.8403 36.4886 23.3794 25.1818 11.7908 28.4959 28.2381 29.1883 18.1485 22.1116 9.2204 17.5652 13.9656 18.7352 16.7221 0.0000 4.1804 8.5262 9.8083 16.9623 18.6137 16.0841 33.2268 15.8880 22.0501 27.6118 29.9808 9.9438 10.6043
5ht4r_human.pdb 21.5388 8.7579 6.9528 32.3749 3.8612 25.5342 26.1492 14.8829 32.1897 28.6080 10.6334 9.1560 25.3575 26.8665 21.1710 6.9483 21.6927 10.9246 6.6731 15.9635 9.5038 11.9099 4.1804 0.0000 17.3857 8.5483 13.0288 9.1589 7.0890 35.5771 17.6430 25.0696 18.5801 24.4533 14.2750 16.7261
drd1_human.pdb 25.8934 12.7167 7.4306 33.9608 9.4651 30.8435 26.0528 20.0493 33.9586 31.0929 13.7105 8.6726 27.4862 27.0564 25.1396 9.9671 25.9760 13.8312 3.4123 17.4595 8.5045 15.8703 8.5262 17.3857 0.0000 12.6118 16.6920 6.5360 5.8599 32.4293 19.0612 28.2413 16.4214 26.8740 11.0136 21.4166
5ht2a_human.pdb 24.4301 9.4323 8.6782 33.8585 7.6519 28.8953 30.9257 17.4098 35.8029 30.6902 14.3828 15.5670 30.9212 30.7652 24.1286 8.4152 25.2201 14.4870 11.4764 14.8411 17.5079 10.6284 9.8083 8.5483 12.6118 0.0000 15.4616 11.3197 13.7647 41.4672 18.3248 27.9239 19.6501 30.1119 14.2900 19.4761
acm1_human.pdb 17.5712 18.7680 16.7179 28.8081 9.0887 29.9395 35.4063 11.9143 34.9439 24.9508 20.3761 15.7401 31.0985 36.6166 25.2972 18.5790 16.2583 17.3507 19.8066 15.5373 24.8753 22.9622 16.9623 13.0288 16.6920 15.4616 0.0000 17.3741 19.0099 40.6247 16.2514 26.1693 27.2803 26.6193 17.3669 15.0012
drd3_human.pdb 24.5316 16.8308 9.2957 32.0367 10.3887 31.8540 28.6744 20.3822 33.5340 28.1096 22.3387 9.2690 25.2753 28.0371 27.5136 17.6992 23.3242 11.5418 17.1414 13.5853 18.8319 12.1997 18.6137 9.1589 6.5360 11.3197 17.3741 0.0000 10.6914 30.1558 12.9915 29.2367 24.3327 27.9572 5.1994 11.8744
5ht1d_human.pdb 25.2004 18.3171 9.1442 30.3981 8.4507 35.6622 30.6385 20.9639 36.7513 28.6251 20.8528 11.7236 26.0228 31.3728 29.5335 15.4493 26.3903 13.7746 9.3047 13.2905 15.0343 9.1377 16.0841 7.0890 5.8599 13.7647 19.0099 10.6914 0.0000 34.1247 14.3380 24.7297 28.0613 29.7907 5.3765 9.9652
ada1b_human.pdb 36.7196 33.7999 30.2434 36.2871 31.8937 25.7230 20.5811 35.6982 25.0031 34.4654 34.1564 34.9063 27.7757 18.5949 20.3571 36.8070 35.6442 41.6874 31.9171 30.6222 40.1923 38.0149 33.2268 35.5771 32.4293 41.4672 40.6247 30.1558 34.1247 0.0000 32.5642 36.7658 26.3299 25.9317 30.2525 33.2425
5ht5a_human.pdb 11.0369 16.4430 14.1251 18.0077 14.8503 26.9620 31.0905 15.3616 24.0069 15.6580 16.3026 13.4977 28.8654 26.6363 27.6674 16.4018 12.9223 18.9004 14.2127 9.1883 13.3328 13.8398 15.8880 17.6430 19.0612 18.3248 16.2514 12.9915 14.3380 32.5642 0.0000 15.8012 19.4519 30.3919 19.1345 18.7453
acm4_human.pdb 26.1905 29.8836 23.9701 28.2821 21.2792 41.3597 34.0099 22.6696 39.0470 16.0818 32.2865 21.1102 37.8132 34.6067 37.2479 29.6573 25.3780 28.1279 27.4911 18.1804 24.0746 23.7466 22.0501 25.0696 28.2413 27.9239 26.1693 29.2367 24.7297 36.7658 15.8012 0.0000 33.7079 39.1813 30.2412 29.2267
adrb2_human.pdb 32.2898 27.0031 24.8032 39.9506 14.8120 27.6617 23.8319 20.2595 22.1986 33.5114 26.4023 15.4058 20.5826 19.4575 24.5975 28.9912 30.8636 19.3684 29.8695 23.0239 32.5124 29.3721 27.6118 18.5801 16.4214 19.6501 27.2803 24.3327 28.0613 26.3299 19.4519 33.7079 0.0000 26.6182 17.7297 17.6048
adrb1_human.pdb 34.4780 29.2226 27.2574 41.8084 21.8229 23.7628 23.7391 31.8590 31.4523 38.7250 32.1489 33.2044 19.6486 21.6990 9.6678 24.7378 37.2472 27.1076 29.7436 30.2591 36.1570 31.3667 29.9808 24.4533 26.8740 30.1119 26.6193 27.9572 29.7907 25.9317 30.3919 39.1813 26.6182 0.0000 24.2070 21.8717
hrh2_human.pdb 27.1117 11.1686 4.8010 36.5336 10.5188 29.7656 26.1128 20.6845 32.6835 31.9869 13.1354 8.9904 24.2552 26.0512 21.7380 8.5310 28.3885 15.2410 5.9899 19.4427 9.7772 14.3062 9.9438 14.2750 11.0136 14.2900 17.3669 5.1994 5.3765 30.2525 19.1345 30.2412 17.7297 24.2070 0.0000 11.1692
5ht6r_human.pdb 23.9525 4.9191 8.4744 35.4394 9.8397 26.9997 24.3864 16.4537 31.9282 31.0835 7.3366 12.3770 23.0128 25.6246 18.6485 9.1050 25.2685 13.8185 9.4590 17.5342 13.1489 13.2662 10.6043 16.7261 21.4166 19.4761 15.0012 11.8744 9.9652 33.2425 18.7453 29.2267 17.6048 21.8717 11.1692 0.0000
