(((((((cltr1_huma:0.07910,cltr2_huma:0.07910):0.02145,((lpar4_huma:0.06775,
lpar6_huma:0.06775):0.02622,lpar5_huma:0.09398):0.00657):0.01201,
(ffar1_huma:0.08177,(ffar2_huma:0.05922,(ffar3_huma:0.00205,
gpr42_huma:0.00205):0.05717):0.02254):0.03080):0.01732,oxer1_huma:0.12988):0.00116,
(lt4r1_huma:0.09660,lt4r2_huma:0.09660):0.03444):0.01224,
ffar4_huma:0.14328):0.02005,(((lpar1_huma:0.06765,(lpar2_huma:0.06210,
lpar3_huma:0.06210):0.00555):0.01486,(s1pr1_huma:0.06680,
s1pr2_huma:0.06680):0.01571):0.00594,s1pr3_huma:0.08845):0.07487);
