                    calcr_human.pdb     calrl_human.pdb     crfr1_human.pdb     crfr2_human.pdb     ghrhr_human.pdb     gipr_human.pdb      glp1r_human.pdb     glp2r_human.pdb     glr_human.pdb       pacr_human.pdb      pth1r_human.pdb     pth2r_human.pdb     sctr_human.pdb      vipr1_human.pdb     vipr2_human.pdb     
calcr_human.pdb     1.0000              0.8073              0.7512              0.6949              0.6696              0.6338              0.6184              0.6468              0.6221              0.6374              0.6860              0.6648              0.6596              0.6550              0.6605              
calrl_human.pdb     0.8073              1.0000              0.7763              0.7148              0.6660              0.6437              0.6204              0.6513              0.6464              0.6594              0.6848              0.6901              0.6425              0.6543              0.7063              
crfr1_human.pdb     0.7512              0.7763              1.0000              0.7370              0.6525              0.7145              0.6643              0.6858              0.6890              0.7068              0.7307              0.7191              0.6530              0.6851              0.6411              
crfr2_human.pdb     0.6949              0.7148              0.7370              1.0000              0.7162              0.7715              0.6842              0.7314              0.7495              0.6901              0.7794              0.7649              0.7002              0.7179              0.7046              
ghrhr_human.pdb     0.6696              0.6660              0.6525              0.7162              1.0000              0.7040              0.7288              0.7914              0.8286              0.7491              0.7718              0.7544              0.8055              0.8301              0.8092              
gipr_human.pdb      0.6338              0.6437              0.7145              0.7715              0.7040              1.0000              0.6806              0.6703              0.7070              0.6484              0.6826              0.6710              0.6672              0.6871              0.6764              
glp1r_human.pdb     0.6184              0.6204              0.6643              0.6842              0.7288              0.6806              1.0000              0.7567              0.7732              0.6662              0.6843              0.6755              0.7520              0.7416              0.7106              
glp2r_human.pdb     0.6468              0.6513              0.6858              0.7314              0.7914              0.6703              0.7567              1.0000              0.8127              0.7086              0.6480              0.6168              0.7951              0.7680              0.7702              
glr_human.pdb       0.6221              0.6464              0.6890              0.7495              0.8286              0.7070              0.7732              0.8127              1.0000              0.7177              0.7322              0.6987              0.7588              0.7848              0.7628              
pacr_human.pdb      0.6374              0.6594              0.7068              0.6901              0.7491              0.6484              0.6662              0.7086              0.7177              1.0000              0.6992              0.6678              0.7957              0.7175              0.7822              
pth1r_human.pdb     0.6860              0.6848              0.7307              0.7794              0.7718              0.6826              0.6843              0.6480              0.7322              0.6992              1.0000              0.7904              0.7880              0.7652              0.7350              
pth2r_human.pdb     0.6648              0.6901              0.7191              0.7649              0.7544              0.6710              0.6755              0.6168              0.6987              0.6678              0.7904              1.0000              0.7522              0.7528              0.7313              
sctr_human.pdb      0.6596              0.6425              0.6530              0.7002              0.8055              0.6672              0.7520              0.7951              0.7588              0.7957              0.7880              0.7522              1.0000              0.8245              0.8059              
vipr1_human.pdb     0.6550              0.6543              0.6851              0.7179              0.8301              0.6871              0.7416              0.7680              0.7848              0.7175              0.7652              0.7528              0.8245              1.0000              0.7891              
vipr2_human.pdb     0.6605              0.7063              0.6411              0.7046              0.8092              0.6764              0.7106              0.7702              0.7628              0.7822              0.7350              0.7313              0.8059              0.7891              1.0000              
