19
gabr1_human.pdb 1.0000 0.3375 0.3451 0.3371 0.3405 0.1442 0.3438 0.3665 0.1580 0.3283 0.3565 0.4040 0.3409 0.3392 0.1673 0.3380 0.3468 0.3602 0.3464
ts1r2_human.pdb 0.3375 1.0000 0.3317 0.3232 0.3253 0.1425 0.3329 0.3169 0.1564 0.3174 0.3178 0.3527 0.3249 0.3317 0.1707 0.3199 0.3329 0.3476 0.3317
grm8_human.pdb 0.3451 0.3317 1.0000 0.3619 0.3649 0.1412 0.3485 0.3338 0.1526 0.3350 0.3354 0.3796 0.3644 0.3359 0.1770 0.3607 0.3817 0.3464 0.3817
grm2_human.pdb 0.3371 0.3232 0.3619 1.0000 0.3548 0.1387 0.3346 0.3304 0.1501 0.3312 0.3270 0.3653 0.3636 0.3220 0.1681 0.3472 0.3623 0.3371 0.3619
grm6_human.pdb 0.3405 0.3253 0.3649 0.3548 1.0000 0.1370 0.3354 0.3375 0.1484 0.3333 0.3253 0.3665 0.3586 0.3241 0.1631 0.3476 0.3657 0.3413 0.3653
rai3_human.pdb 0.1442 0.1425 0.1412 0.1387 0.1370 1.0000 0.1425 0.1332 0.1480 0.1375 0.1442 0.1501 0.1387 0.1438 0.1475 0.1387 0.1412 0.1433 0.1412
grm5_human.pdb 0.3438 0.3329 0.3485 0.3346 0.3354 0.1425 1.0000 0.3480 0.1618 0.3119 0.3430 0.5095 0.3375 0.3531 0.2682 0.4115 0.3501 0.4275 0.3489
gp158_human.pdb 0.3665 0.3169 0.3338 0.3304 0.3375 0.1332 0.3480 1.0000 0.1446 0.3245 0.3279 0.5107 0.3325 0.3182 0.1454 0.3813 0.3354 0.3350 0.3342
gpc5b_human.pdb 0.1580 0.1564 0.1526 0.1501 0.1484 0.1480 0.1618 0.1446 1.0000 0.1488 0.1580 0.1694 0.1501 0.1576 0.1648 0.1501 0.1526 0.1627 0.1526
ts1r1_human.pdb 0.3283 0.3174 0.3350 0.3312 0.3333 0.1375 0.3119 0.3245 0.1488 1.0000 0.3014 0.3506 0.3321 0.3119 0.1538 0.3455 0.3367 0.3262 0.3354
gabr2_human.pdb 0.3565 0.3178 0.3354 0.3270 0.3253 0.1442 0.3430 0.3279 0.1580 0.3014 1.0000 0.3955 0.3270 0.3228 0.2064 0.3249 0.3363 0.3443 0.3359
gp179_human.pdb 0.4040 0.3527 0.3796 0.3653 0.3665 0.1501 0.5095 0.5107 0.1694 0.3506 0.3955 1.0000 0.3682 0.3581 0.3422 0.4989 0.3825 0.4531 0.3813
grm3_human.pdb 0.3409 0.3249 0.3644 0.3636 0.3586 0.1387 0.3375 0.3325 0.1501 0.3321 0.3270 0.3682 1.0000 0.3249 0.1673 0.3497 0.3653 0.3409 0.3649
ts1r3_human.pdb 0.3392 0.3317 0.3359 0.3220 0.3241 0.1438 0.3531 0.3182 0.1576 0.3119 0.3228 0.3581 0.3249 1.0000 0.1749 0.3258 0.3375 0.3430 0.3363
gp156_human.pdb 0.1673 0.1707 0.1770 0.1681 0.1631 0.1475 0.2682 0.1454 0.1648 0.1538 0.2064 0.3422 0.1673 0.1749 1.0000 0.1904 0.1770 0.2530 0.1770
grm1_human.pdb 0.3380 0.3199 0.3607 0.3472 0.3476 0.1387 0.4115 0.3813 0.1501 0.3455 0.3249 0.4989 0.3497 0.3258 0.1904 1.0000 0.3623 0.3539 0.3611
grm7_human.pdb 0.3468 0.3329 0.3817 0.3623 0.3657 0.1412 0.3501 0.3354 0.1526 0.3367 0.3363 0.3825 0.3653 0.3375 0.1770 0.3623 1.0000 0.3480 0.3834
casr_human.pdb 0.3602 0.3476 0.3464 0.3371 0.3413 0.1433 0.4275 0.3350 0.1627 0.3262 0.3443 0.4531 0.3409 0.3430 0.2530 0.3539 0.3480 1.0000 0.3468
grm4_human.pdb 0.3464 0.3317 0.3817 0.3619 0.3653 0.1412 0.3489 0.3342 0.1526 0.3354 0.3359 0.3813 0.3649 0.3363 0.1770 0.3611 0.3834 0.3468 1.0000
