19
gabr1_human.pdb 814.4438 596.5544 614.3366 615.4194 614.1314 765.5191 662.1861 723.0233 779.5155 555.0266 480.0947 746.7111 596.9183 639.1852 754.2110 569.2790 631.3342 598.3468 632.4908
ts1r2_human.pdb 596.5544 814.4438 294.0023 314.8878 298.1522 780.5380 348.9746 713.7694 792.2621 292.0788 549.4464 715.2748 337.6830 235.3607 730.1173 335.0163 360.6607 202.7546 331.7579
grm8_human.pdb 614.3366 294.0023 814.4438 131.4340 68.5070 730.5731 575.6782 734.3049 774.0343 299.7834 588.7994 740.3906 139.1721 396.5335 731.0745 392.6196 50.9278 312.3116 0.0000
grm2_human.pdb 615.4194 314.8878 131.4340 814.4438 120.4983 721.7194 408.2066 716.4962 757.4782 277.3517 623.3297 704.7036 135.2656 345.4082 767.2516 322.0731 171.8966 399.8136 159.9783
grm6_human.pdb 614.1314 298.1522 68.5070 120.4983 814.4438 741.4864 397.2204 716.2794 771.9147 313.6462 633.7958 733.3483 77.4998 332.8724 705.0242 395.6030 103.0674 367.3010 102.5099
rai3_human.pdb 765.5191 780.5380 730.5731 721.7194 741.4864 814.4438 779.3566 758.9478 644.4314 716.2629 785.3796 774.9805 756.7574 776.4045 689.3643 786.9746 730.8561 789.0012 738.5155
grm5_human.pdb 662.1861 348.9746 575.6782 408.2066 397.2204 779.3566 814.4438 724.7329 786.1104 348.4402 582.0043 720.4853 332.3252 473.6390 775.3208 419.0252 557.4602 461.8114 578.6591
gp158_human.pdb 723.0233 713.7694 734.3049 716.4962 716.2794 758.9478 724.7329 814.4438 773.0666 736.5416 729.9152 721.7531 739.1382 739.0564 753.5308 730.3505 738.6164 743.8477 737.5520
gpc5b_human.pdb 779.5155 792.2621 774.0343 757.4782 771.9147 644.4314 786.1104 773.0666 814.4438 779.9429 789.6849 780.8354 783.1557 784.3961 749.9668 791.7883 774.6189 792.9243 766.8643
ts1r1_human.pdb 555.0266 292.0788 299.7834 277.3517 313.6462 716.2629 348.4402 736.5416 779.9429 814.4438 550.5973 690.7005 308.1258 316.2059 734.3327 252.5814 351.1513 274.5579 334.3389
gabr2_human.pdb 480.0947 549.4464 588.7994 623.3297 633.7958 785.3796 582.0043 729.9152 789.6849 550.5973 814.4438 729.1499 608.8596 599.6832 767.5418 560.9062 610.8474 568.8663 628.7541
gp179_human.pdb 746.7111 715.2748 740.3906 704.7036 733.3483 774.9805 720.4853 721.7531 780.8354 690.7005 729.1499 814.4438 736.9483 722.2352 762.5784 717.0707 734.3736 725.8614 738.1675
grm3_human.pdb 596.9183 337.6830 139.1721 135.2656 77.4998 756.7574 332.3252 739.1382 783.1557 308.1258 608.8596 736.9483 814.4438 351.4609 732.2956 258.3257 173.8640 396.8723 142.8333
ts1r3_human.pdb 639.1852 235.3607 396.5335 345.4082 332.8724 776.4045 473.6390 739.0564 784.3961 316.2059 599.6832 722.2352 351.4609 814.4438 751.7263 457.0562 367.5948 320.7718 323.8555
gp156_human.pdb 754.2110 730.1173 731.0745 767.2516 705.0242 689.3643 775.3208 753.5308 749.9668 734.3327 767.5418 762.5784 732.2956 751.7263 814.4438 783.9878 757.5661 778.5473 705.8792
grm1_human.pdb 569.2790 335.0163 392.6196 322.0731 395.6030 786.9746 419.0252 730.3505 791.7883 252.5814 560.9062 717.0707 258.3257 457.0562 783.9878 814.4438 413.6967 364.8822 354.4388
grm7_human.pdb 631.3342 360.6607 50.9278 171.8966 103.0674 730.8561 557.4602 738.6164 774.6189 351.1513 610.8474 734.3736 173.8640 367.5948 757.5661 413.6967 814.4438 379.7982 53.6147
casr_human.pdb 598.3468 202.7546 312.3116 399.8136 367.3010 789.0012 461.8114 743.8477 792.9243 274.5579 568.8663 725.8614 396.8723 320.7718 778.5473 364.8822 379.7982 814.4438 402.8390
grm4_human.pdb 632.4908 331.7579 0.0000 159.9783 102.5099 738.5155 578.6591 737.5520 766.8643 334.3389 628.7541 738.1675 142.8333 323.8555 705.8792 354.4388 53.6147 402.8390 814.4438
