19
gabr1_human.pdb 1.0000 0.9499 0.9002 0.9151 0.9193 0.9352 0.8471 0.8996 0.9129 0.9243 0.9000 0.9884 0.9183 0.9410 0.4866 0.8334 0.8977 0.8869 0.8995
ts1r2_human.pdb 0.9499 1.0000 0.9373 0.9136 0.9193 0.9366 0.9437 0.8890 0.9116 0.8970 0.8956 0.9624 0.9183 0.9396 0.4971 0.9041 0.9409 0.9853 0.9373
grm8_human.pdb 0.9002 0.9373 1.0000 0.9868 0.9895 0.9166 0.9084 0.8682 0.8817 0.9472 0.8748 0.9738 0.9861 0.9337 0.5116 0.9442 0.9999 0.9041 0.9999
grm2_human.pdb 0.9151 0.9136 0.9868 1.0000 0.9677 0.9039 0.9106 0.8902 0.8638 0.9366 0.8864 0.9777 0.9917 0.8958 0.4892 0.9466 0.9883 0.9169 0.9871
grm6_human.pdb 0.9193 0.9193 0.9895 0.9677 1.0000 0.8870 0.9062 0.9085 0.8549 0.9425 0.8793 0.9759 0.9724 0.9013 0.4720 0.9425 0.9918 0.9224 0.9904
rai3_human.pdb 0.9352 0.9366 0.9166 0.9039 0.8870 1.0000 0.9082 0.7677 0.9718 0.8714 0.8983 0.9459 0.8665 0.9012 0.9700 0.8484 0.8823 0.9035 0.8825
grm5_human.pdb 0.8471 0.9437 0.9084 0.9106 0.9062 0.9082 1.0000 0.6772 0.9263 0.8796 0.8624 0.9894 0.9107 0.9843 0.7733 0.8164 0.9075 0.9414 0.9064
gp158_human.pdb 0.8996 0.8890 0.8682 0.8902 0.9085 0.7677 0.6772 1.0000 0.7832 0.9106 0.8235 0.9927 0.8940 0.8804 0.4192 0.7558 0.8666 0.7351 0.8661
gpc5b_human.pdb 0.9129 0.9116 0.8817 0.8638 0.8549 0.9718 0.9263 0.7832 1.0000 0.8352 0.9129 0.9509 0.8322 0.8888 0.9628 0.8263 0.8535 0.9260 0.8527
ts1r1_human.pdb 0.9243 0.8970 0.9472 0.9366 0.9425 0.8714 0.8796 0.9106 0.8352 1.0000 0.8499 0.9753 0.9389 0.8789 0.4471 0.9771 0.9519 0.9188 0.9483
gabr2_human.pdb 0.9000 0.8956 0.8748 0.8864 0.8793 0.8983 0.8624 0.8235 0.9129 0.8499 1.0000 0.9708 0.8819 0.8968 0.5974 0.8183 0.8710 0.8661 0.8723
gp179_human.pdb 0.9884 0.9624 0.9738 0.9777 0.9759 0.9459 0.9894 0.9927 0.9509 0.9753 0.9708 1.0000 0.9743 0.9768 0.9557 0.9799 0.9719 0.9625 0.9691
grm3_human.pdb 0.9183 0.9183 0.9861 0.9917 0.9724 0.8665 0.9107 0.8940 0.8322 0.9389 0.8819 0.9743 1.0000 0.9039 0.4851 0.9462 0.9882 0.9192 0.9869
ts1r3_human.pdb 0.9410 0.9396 0.9337 0.8958 0.9013 0.9012 0.9843 0.8804 0.8888 0.8789 0.8968 0.9768 0.9039 1.0000 0.5083 0.9067 0.9394 0.9573 0.9361
gp156_human.pdb 0.4866 0.4971 0.5116 0.4892 0.4720 0.9700 0.7733 0.4192 0.9628 0.4471 0.5974 0.9557 0.4851 0.5083 1.0000 0.5474 0.5071 0.7174 0.5094
grm1_human.pdb 0.8334 0.9041 0.9442 0.9466 0.9425 0.8484 0.8164 0.7558 0.8263 0.9771 0.8183 0.9799 0.9462 0.9067 0.5474 1.0000 0.9414 0.7784 0.9413
grm7_human.pdb 0.8977 0.9409 0.9999 0.9883 0.9918 0.8823 0.9075 0.8666 0.8535 0.9519 0.8710 0.9719 0.9882 0.9394 0.5071 0.9414 1.0000 0.9020 0.9999
casr_human.pdb 0.8869 0.9853 0.9041 0.9169 0.9224 0.9035 0.9414 0.7351 0.9260 0.9188 0.8661 0.9625 0.9192 0.9573 0.7174 0.7784 0.9020 1.0000 0.9020
grm4_human.pdb 0.8995 0.9373 0.9999 0.9871 0.9904 0.8825 0.9064 0.8661 0.8527 0.9483 0.8723 0.9691 0.9869 0.9361 0.5094 0.9413 0.9999 0.9020 1.0000
